0.878431 0.878431 0.878431 1 0.886275 0.886275 0.886275 1 0.886275 0.886275 0.372549 0.372549 0.372549 1 0.266667 0.266667 0.266667 1 0.243137 0.243137 0.901961 0.901961 0.901961 1 0.901961 0.901961 0.901961 1 0.901961 0.901961 0.886275 0.886275 0.886275 1 0.898039 0.898039 0.898039 1 0.898039 0.898039 0.866667 0.866667 0.866667 1 0.87451 0.87451 0.87451 1 0.878431 0.878431 0.32549 0.32549 0.32549 1 0.266667 0.266667 0.266667 1 0.239216 0.239216 0.898039 0.898039 0.898039 1 0.898039 0.898039 0.898039 1 0.894118 0.894118 0.894118 0.894118 0.894118 1 0.898039 0.898039 0.898039 1 0.894118 0.894118 0.85098 0.85098 0.85098 1 0.858824 0.858824 0.858824 1 0.858824 0.858824 0.27451 0.27451 0.27451 1 0.25098 0.25098 0.25098 1 0.223529 0.223529 
0.886275 1 0.886275 0.886275 0.886275 1 0.878431 0.878431 0.878431 1 0.243137 1 0.247059 0.247059 0.247059 1 0.243137 0.243137 0.243137 1 0.901961 1 0.898039 0.898039 0.898039 1 0.894118 0.894118 0.894118 1 0.898039 1 0.905882 0.905882 0.905882 1 0.909804 0.909804 0.909804 1 0.878431 1 0.870588 0.870588 0.870588 1 0.862745 0.862745 0.862745 1 0.239216 1 0.243137 0.243137 0.243137 1 0.243137 0.243137 0.243137 1 0.894118 1 0.894118 0.894118 0.894118 1 0.894118 0.894118 0.894118 1 0.894118 1 0.901961 0.901961 0.901961 1 0.901961 0.901961 0.901961 1 0.858824 1 0.854902 0.854902 0.854902 1 0.854902 0.854902 0.854902 1 0.223529 1 0.227451 0.227451 0.227451 1 0.223529 0.223529 0.223529 1 
0.886275 0.886275 0.886275 1 0.894118 0.894118 0.894118 1 0.894118 0.894118 0.243137 0.243137 0.243137 1 0.239216 0.239216 0.239216 1 0.247059 0.247059 0.898039 0.898039 0.898039 1 0.898039 0.898039 0.898039 1 0.917647 0.917647 0.909804 0.909804 0.909804 1 0.909804 0.909804 0.909804 1 0.909804 0.909804 0.878431 0.878431 0.878431 1 0.898039 0.898039 0.898039 1 0.894118 0.894118 0.239216 0.239216 0.239216 1 0.239216 0.239216 0.239216 1 0.243137 0.243137 0.894118 0.894118 0.894118 1 0.894118 0.894118 0.894118 1 0.905882 0.905882 0.901961 0.901961 0.901961 1 0.901961 0.901961 0.901961 1 0.905882 0.905882 0.866667 0.866667 0.866667 1 0.882353 0.882353 0.882353 1 0.87451 0.87451 0.223529 0.223529 0.223529 1 0.223529 0.223529 0.223529 1 0.227451 0.227451 
0.894118 1 0.890196 0.890196 0.890196 1 0.890196 0.890196 0.890196 1 0.247059 1 0.313726 0.313726 0.313726 1 0.623529 0.623529 0.623529 1 0.917647 1 0.909804 0.909804 0.909804 1 0.909804 0.909804 0.909804 1 0.909804 1 0.909804 0.909804 0.909804 1 0.913725 0.913725 0.913725 1 0.894118 1 0.890196 0.890196 0.890196 1 0.890196 0.890196 0.890196 1 0.243137 1 0.4 0.4 0.4 1 0.745098 0.745098 0.745098 1 0.905882 1 0.905882 0.905882 0.905882 1 0.901961 0.901961 0.901961 1 0.905882 1 0.909804 0.909804 0.909804 1 0.913725 0.913725 0.913725 1 0.87451 1 0.886275 0.886275 0.886275 1 0.886275 0.886275 0.886275 1 0.227451 1 0.478431 0.478431 0.478431 1 0.792157 0.792157 0.792157 1 
0.890196 0.890196 0.890196 1 0.890196 0.890196 0.890196 1 0.886275 0.886275 0.835294 0.835294 0.835294 1 0.890196 0.890196 0.890196 1 0.898039 0.898039 0.905882 0.905882 0.905882 1 0.901961 0.901961 0.901961 1 0.898039 0.898039 0.917647 0.917647 0.917647 1 0.917647 0.917647 0.917647 1 0.917647 0.917647 0.890196 0.890196 0.890196 1 0.886275 0.886275 0.886275 1 0.886275 0.886275 0.886275 0.886275 0.886275 1 0.890196 0.890196 0.890196 1 0.894118 0.894118 0.901961 0.901961 0.901961 1 0.898039 0.898039 0.898039 1 0.894118 0.894118 0.913725 0.913725 0.913725 1 0.913725 0.913725 0.913725 1 0.909804 0.909804 0.886275 0.886275 0.886275 1 0.882353 0.882353 0.882353 1 0.882353 0.882353 0.894118 0.894118 0.894118 1 0.890196 0.890196 0.890196 1 0.898039 0.898039 
0.886275 1 0.890196 0.890196 0.890196 1 0.890196 0.890196 0.890196 1 0.898039 1 0.901961 0.901961 0.901961 1 0.901961 0.901961 0.901961 1 0.898039 1 0.898039 0.898039 0.898039 1 0.898039 0.898039 0.898039 1 0.917647 1 0.913725 0.913725 0.913725 1 0.909804 0.909804 0.909804 1 0.886275 1 0.890196 0.890196 0.890196 1 0.890196 0.890196 0.890196 1 0.894118 1 0.898039 0.898039 0.898039 1 0.898039 0.898039 0.898039 1 0.894118 1 0.898039 0.898039 0.898039 1 0.898039 0.898039 0.898039 1 0.909804 1 0.909804 0.909804 0.909804 1 0.909804 0.909804 0.909804 1 0.882353 1 0.890196 0.890196 0.890196 1 0.890196 0.890196 0.890196 1 0.898039 1 0.894118 0.894118 0.894118 1 0.898039 0.898039 0.898039 1 
0.890196 0.890196 0.890196 1 0.890196 0.890196 0.890196 1 0.890196 0.890196 0.898039 0.898039 0.898039 1 0.898039 0.898039 0.898039 1 0.898039 0.898039 0.898039 0.898039 0.898039 1 0.898039 0.898039 0.898039 1 0.901961 0.901961 0.913725 0.913725 0.913725 1 0.917647 0.917647 0.917647 1 0.913725 0.913725 0.890196 0.890196 0.890196 1 0.890196 0.890196 0.890196 1 0.894118 0.894118 0.898039 0.898039 0.898039 1 0.898039 0.898039 0.898039 1 0.905882 0.905882 0.901961 0.901961 0.901961 1 0.901961 0.901961 0.901961 1 0.901961 0.901961 0.913725 0.913725 0.913725 1 0.913725 0.913725 0.913725 1 0.909804 0.909804 0.890196 0.890196 0.890196 1 0.890196 0.890196 0.890196 1 0.890196 0.890196 0.898039 0.898039 0.898039 1 0.894118 0.894118 0.894118 1 0.898039 0.898039 
0.890196 1 0.890196 0.890196 0.890196 1 0.890196 0.890196 0.890196 1 0.898039 1 0.898039 0.898039 0.898039 1 0.901961 0.901961 0.901961 1 0.901961 1 0.901961 0.901961 0.901961 1 0.905882 0.905882 0.905882 1 0.913725 1 0.917647 0.917647 0.917647 1 0.905882 0.905882 0.905882 1 0.894118 1 0.894118 0.894118 0.894118 1 0.894118 0.894118 0.894118 1 0.905882 1 0.901961 0.901961 0.901961 1 0.898039 0.898039 0.898039 1 0.901961 1 0.905882 0.905882 0.905882 1 0.909804 0.909804 0.909804 1 0.909804 1 0.921569 0.921569 0.921569 1 0.909804 0.909804 0.909804 1 0.890196 1 0.890196 0.890196 0.890196 1 0.890196 0.890196 0.890196 1 0.898039 1 0.901961 0.901961 0.901961 1 0.901961 0.901961 0.901961 1 
0.894118 0.894118 0.894118 1 0.894118 0.894118 0.894118 1 0.894118 0.894118 0.901961 0.901961 0.901961 1 0.901961 0.901961 0.901961 1 0.901961 0.901961 0.901961 0.901961 0.901961 1 0.901961 0.901961 0.901961 1 0.905882 0.905882 0.905882 0.905882 0.905882 1 0.901961 0.901961 0.901961 1 0.909804 0.909804 0.894118 0.894118 0.894118 1 0.894118 0.894118 0.894118 1 0.898039 0.898039 0.901961 0.901961 0.901961 1 0.901961 0.901961 0.901961 1 0.901961 0.901961 0.901961 0.901961 0.901961 1 0.898039 0.898039 0.898039 1 0.898039 0.898039 0.894118 0.894118 0.894118 1 0.894118 0.894118 0.894118 1 0.905882 0.905882 0.894118 0.894118 0.894118 1 0.894118 0.894118 0.894118 1 0.890196 0.890196 0.901961 0.901961 0.901961 1 0.901961 0.901961 0.901961 1 0.901961 0.901961 
0.894118 1 0.858824 0.858824 0.858824 1 0.717647 0.717647 0.717647 1 0.901961 1 0.901961 0.901961 0.901961 1 0.894118 0.894118 0.894118 1 0.905882 1 0.898039 0.898039 0.898039 1 0.898039 0.898039 0.898039 1 0.909804 1 0.909804 0.909804 0.909804 1 0.878431 0.878431 0.878431 1 0.898039 1 0.858824 0.858824 0.858824 1 0.686275 0.686275 0.686275 1 0.901961 1 0.901961 0.901961 0.901961 1 0.894118 0.894118 0.894118 1 0.898039 1 0.898039 0.898039 0.898039 1 0.898039 0.898039 0.898039 1 0.905882 1 0.905882 0.905882 0.905882 1 0.890196 0.890196 0.890196 1 0.890196 1 0.827451 0.827451 0.827451 1 0.6 0.6 0.6 1 0.901961 1 0.901961 0.901961 0.901961 1 0.890196 0.890196 0.890196 1 
0.894118 0.894118 0.894118 1 0.890196 0.890196 0.890196 1 0.886275 0.886275 0.894118 0.894118 0.894118 1 0.898039 0.898039 0.898039 1 0.898039 0.898039 0.85098 0.85098 0.85098 1 0.847059 0.847059 0.847059 1 0.854902 0.854902 0.239216 0.239216 0.239216 1 0.227451 0.227451 0.227451 1 0.192157 0.192157 0.788235 0.788235 0.788235 1 0.788235 0.788235 0.788235 1 0.792157 0.792157 0.705882 0.705882 0.705882 1 0.72549 0.72549 0.72549 1 0.713726 0.713726 0.741176 0.741176 0.741176 1 0.74902 0.74902 0.74902 1 0.74902 0.74902 0.282353 0.282353 0.282353 1 0.211765 0.211765 0.211765 1 0.207843 0.207843 0.898039 0.898039 0.898039 1 0.901961 0.901961 0.901961 1 0.905882 0.905882 0.901961 0.901961 0.901961 1 0.898039 0.898039 0.898039 1 0.898039 0.898039 
0.886275 1 0.886275 0.886275 0.886275 1 0.890196 0.890196 0.890196 1 0.898039 1 0.901961 0.901961 0.901961 1 0.905882 0.905882 0.905882 1 0.854902 1 0.862745 0.862745 0.862745 1 0.870588 0.870588 0.870588 1 0.192157 1 0.2 0.2 0.2 1 0.207843 0.207843 0.207843 1 0.792157 1 0.788235 0.788235 0.788235 1 0.788235 0.788235 0.788235 1 0.713726 1 0.729412 0.729412 0.729412 1 0.74902 0.74902 0.74902 1 0.74902 1 0.74902 0.74902 0.74902 1 0.745098 0.745098 0.745098 1 0.207843 1 0.211765 0.211765 0.211765 1 0.219608 0.219608 0.219608 1 0.905882 1 0.905882 0.905882 0.905882 1 0.909804 0.909804 0.909804 1 0.898039 1 0.898039 0.898039 0.898039 1 0.901961 0.901961 0.901961 1 
0.894118 0.894118 0.894118 1 0.898039 0.898039 0.898039 1 0.905882 0.905882 0.905882 0.905882 0.905882 1 0.905882 0.905882 0.905882 1 0.901961 0.901961 0.882353 0.882353 0.882353 1 0.894118 0.894118 0.894118 1 0.886275 0.886275 0.188235 0.188235 0.188235 1 0.184314 0.184314 0.184314 1 0.231373 0.231373 0.784314 0.784314 0.784314 1 0.784314 0.784314 0.784314 1 0.784314 0.784314 0.729412 0.729412 0.729412 1 0.717647 0.717647 0.717647 1 0.72549 0.72549 0.745098 0.745098 0.745098 1 0.776471 0.776471 0.776471 1 0.776471 0.776471 0.215686 0.215686 0.215686 1 0.231373 0.231373 0.231373 1 0.513726 0.513726 0.909804 0.909804 0.909804 1 0.909804 0.909804 0.909804 1 0.909804 0.909804 0.898039 0.898039 0.898039 1 0.913725 0.913725 0.913725 1 0.917647 0.917647 
0.905882 1 0.909804 0.909804 0.909804 1 0.901961 0.901961 0.901961 1 0.901961 1 0.901961 0.901961 0.901961 1 0.909804 0.909804 0.909804 1 0.886275 1 0.886275 0.886275 0.886275 1 0.886275 0.886275 0.886275 1 0.231373 1 0.6 0.6 0.6 1 0.768627 0.768627 0.768627 1 0.784314 1 0.780392 0.780392 0.780392 1 0.760784 0.760784 0.760784 1 0.72549 1 0.729412 0.729412 0.729412 1 0.729412 0.729412 0.729412 1 0.776471 1 0.784314 0.784314 0.784314 1 0.784314 0.784314 0.784314 1 0.513726 1 0.780392 0.780392 0.780392 1 0.854902 0.854902 0.854902 1 0.909804 1 0.909804 0.909804 0.909804 1 0.898039 0.898039 0.898039 1 0.917647 1 0.901961 0.901961 0.901961 1 0.898039 0.898039 0.898039 1 
0.898039 0.898039 0.898039 1 0.898039 0.898039 0.898039 1 0.894118 0.894118 0.913725 0.913725 0.913725 1 0.913725 0.913725 0.913725 1 0.909804 0.909804 0.882353 0.882353 0.882353 1 0.886275 0.886275 0.886275 1 0.87451 0.87451 0.807843 0.807843 0.807843 1 0.803922 0.803922 0.803922 1 0.803922 0.803922 0.760784 0.760784 0.760784 1 0.756863 0.756863 0.756863 1 0.756863 0.756863 0.721569 0.721569 0.721569 1 0.729412 0.729412 0.729412 1 0.713726 0.713726 0.788235 0.788235 0.788235 1 0.788235 0.788235 0.788235 1 0.788235 0.788235 0.858824 0.858824 0.858824 1 0.862745 0.862745 0.862745 1 0.862745 0.862745 0.905882 0.905882 0.905882 1 0.905882 0.905882 0.905882 1 0.909804 0.909804 0.898039 0.898039 0.898039 1 0.901961 0.901961 0.901961 1 0.901961 0.901961 
0.894118 1 0.898039 0.898039 0.898039 1 0.898039 0.898039 0.898039 1 0.909804 1 0.905882 0.905882 0.905882 1 0.909804 0.909804 0.909804 1 0.87451 1 0.890196 0.890196 0.890196 1 0.890196 0.890196 0.890196 1 0.803922 1 0.796078 0.796078 0.796078 1 0.8 0.8 0.8 1 0.756863 1 0.756863 0.756863 0.756863 1 0.745098 0.745098 0.745098 1 0.713726 1 0.713726 0.713726 0.713726 1 0.729412 0.729412 0.729412 1 0.788235 1 0.784314 0.784314 0.784314 1 0.788235 0.788235 0.788235 1 0.862745 1 0.866667 0.866667 0.866667 1 0.866667 0.866667 0.866667 1 0.909804 1 0.913725 0.913725 0.913725 1 0.909804 0.909804 0.909804 1 0.901961 1 0.901961 0.901961 0.901961 1 0.905882 0.905882 0.905882 1 
0.901961 0.901961 0.901961 1 0.901961 0.901961 0.901961 1 0.905882 0.905882 0.917647 0.917647 0.917647 1 0.917647 0.917647 0.917647 1 0.901961 0.901961 0.890196 0.890196 0.890196 1 0.890196 0.890196 0.890196 1 0.886275 0.886275 0.807843 0.807843 0.807843 1 0.807843 0.807843 0.807843 1 0.807843 0.807843 0.733333 0.733333 0.733333 1 0.717647 0.717647 0.717647 1 0.721569 0.721569 0.717647 0.717647 0.717647 1 0.729412 0.729412 0.729412 1 0.694118 0.694118 0.788235 0.788235 0.788235 1 0.776471 0.776471 0.776471 1 0.784314 0.784314 0.866667 0.866667 0.866667 1 0.866667 0.866667 0.866667 1 0.866667 0.866667 0.913725 0.913725 0.913725 1 0.917647 0.917647 0.917647 1 0.917647 0.917647 0.901961 0.901961 0.901961 1 0.898039 0.898039 0.898039 1 0.890196 0.890196 
0.905882 1 0.905882 0.905882 0.905882 1 0.909804 0.909804 0.909804 1 0.901961 1 0.917647 0.917647 0.917647 1 0.909804 0.909804 0.909804 1 0.886275 1 0.882353 0.882353 0.882353 1 0.878431 0.878431 0.878431 1 0.807843 1 0.803922 0.803922 0.803922 1 0.8 0.8 0.8 1 0.721569 1 0.717647 0.717647 0.717647 1 0.717647 0.717647 0.717647 1 0.694118 1 0.701961 0.701961 0.701961 1 0.701961 0.701961 0.701961 1 0.784314 1 0.780392 0.780392 0.780392 1 0.784314 0.784314 0.784314 1 0.866667 1 0.866667 0.866667 0.866667 1 0.870588 0.870588 0.870588 1 0.917647 1 0.917647 0.917647 0.917647 1 0.913725 0.913725 0.913725 1 0.890196 1 0.901961 0.901961 0.901961 1 0.909804 0.909804 0.909804 1 
0.905882 0.905882 0.905882 1 0.898039 0.898039 0.898039 1 0.898039 0.898039 0.894118 0.894118 0.894118 1 0.894118 0.894118 0.894118 1 0.901961 0.901961 0.87451 0.87451 0.87451 1 0.870588 0.870588 0.870588 1 0.866667 0.866667 0.796078 0.796078 0.796078 1 0.8 0.8 0.8 1 0.803922 0.803922 0.729412 0.729412 0.729412 1 0.737255 0.737255 0.737255 1 0.713726 0.713726 0.694118 0.694118 0.694118 1 0.709804 0.709804 0.709804 1 0.72549 0.72549 0.792157 0.792157 0.792157 1 0.8 0.8 0.8 1 0.792157 0.792157 0.870588 0.870588 0.870588 1 0.886275 0.886275 0.886275 1 0.894118 0.894118 0.909804 0.909804 0.909804 1 0.913725 0.913725 0.913725 1 0.917647 0.917647 0.905882 0.905882 0.905882 1 0.905882 0.905882 0.905882 1 0.909804 0.909804 
0.898039 1 0.894118 0.894118 0.894118 1 0.890196 0.890196 0.890196 1 0.901961 1 0.901961 0.901961 0.901961 1 0.901961 0.901961 0.901961 1 0.866667 1 0.772549 0.772549 0.772549 1 0.490196 0.490196 0.490196 1 0.803922 1 0.8 0.8 0.8 1 0.796078 0.796078 0.796078 1 0.713726 1 0.709804 0.709804 0.709804 1 0.705882 0.705882 0.705882 1 0.72549 1 0.72549 0.72549 0.72549 1 0.713726 0.713726 0.713726 1 0.792157 1 0.705882 0.705882 0.705882 1 0.490196 0.490196 0.490196 1 0.894118 1 0.894118 0.894118 0.894118 1 0.898039 0.898039 0.898039 1 0.917647 1 0.909804 0.909804 0.909804 1 0.901961 0.901961 0.901961 1 0.909804 1 0.905882 0.905882 0.905882 1 0.905882 0.905882 0.905882 1 
0.882353 0.882353 0.882353 1 0.886275 0.886275 0.886275 1 0.882353 0.882353 0.505882 0.505882 0.505882 1 0.262745 0.262745 0.262745 1 0.239216 0.239216 0.909804 0.909804 0.909804 1 0.913725 0.913725 0.913725 1 0.913725 0.913725 0.898039 0.898039 0.898039 1 0.898039 0.898039 0.898039 1 0.898039 0.898039 0.886275 0.886275 0.886275 1 0.886275 0.886275 0.886275 1 0.886275 0.886275 0.611765 0.611765 0.611765 1 0.301961 0.301961 0.301961 1 0.239216 0.239216 0.909804 0.909804 0.909804 1 0.909804 0.909804 0.909804 1 0.917647 0.917647 0.905882 0.905882 0.905882 1 0.901961 0.901961 0.901961 1 0.901961 0.901961 0.886275 0.886275 0.886275 1 0.886275 0.886275 0.886275 1 0.886275 0.886275 0.717647 0.717647 0.717647 1 0.545098 0.545098 0.545098 1 0.341176 0.341176 
0.882353 1 0.886275 0.886275 0.886275 1 0.882353 0.882353 0.882353 1 0.239216 1 0.239216 0.239216 0.239216 1 0.231373 0.231373 0.231373 1 0.913725 1 0.917647 0.917647 0.917647 1 0.917647 0.917647 0.917647 1 0.898039 1 0.901961 0.901961 0.901961 1 0.905882 0.905882 0.905882 1 0.886275 1 0.886275 0.886275 0.886275 1 0.886275 0.886275 0.886275 1 0.239216 1 0.235294 0.235294 0.235294 1 0.231373 0.231373 0.231373 1 0.917647 1 0.913725 0.913725 0.913725 1 0.913725 0.913725 0.913725 1 0.901961 1 0.901961 0.901961 0.901961 1 0.905882 0.905882 0.905882 1 0.886275 1 0.886275 0.886275 0.886275 1 0.886275 0.886275 0.886275 1 0.341176 1 0.231373 0.231373 0.231373 1 0.227451 0.227451 0.227451 1 
0.886275 0.886275 0.886275 1 0.890196 0.890196 0.890196 1 0.886275 0.886275 0.231373 0.231373 0.231373 1 0.352941 0.352941 0.352941 1 0.737255 0.737255 0.917647 0.917647 0.917647 1 0.917647 0.917647 0.917647 1 0.917647 0.917647 0.898039 0.898039 0.898039 1 0.917647 0.917647 0.917647 1 0.917647 0.917647 0.886275 0.886275 0.886275 1 0.890196 0.890196 0.890196 1 0.886275 0.886275 0.239216 0.239216 0.239216 1 0.564706 0.564706 0.564706 1 0.827451 0.827451 0.917647 0.917647 0.917647 1 0.917647 0.917647 0.917647 1 0.917647 0.917647 0.905882 0.905882 0.905882 1 0.909804 0.909804 0.909804 1 0.909804 0.909804 0.886275 0.886275 0.886275 1 0.894118 0.894118 0.894118 1 0.890196 0.890196 0.329412 0.329412 0.329412 1 0.670588 0.670588 0.670588 1 0.815686 0.815686 
0.886275 1 0.890196 0.890196 0.890196 1 0.894118 0.894118 0.894118 1 0.737255 1 0.882353 0.882353 0.882353 1 0.890196 0.890196 0.890196 1 0.917647 1 0.921569 0.921569 0.921569 1 0.905882 0.905882 0.905882 1 0.917647 1 0.913725 0.913725 0.913725 1 0.913725 0.913725 0.913725 1 0.886275 1 0.894118 0.894118 0.894118 1 0.894118 0.894118 0.894118 1 0.827451 1 0.894118 0.894118 0.894118 1 0.894118 0.894118 0.894118 1 0.917647 1 0.917647 0.917647 0.917647 1 0.909804 0.909804 0.909804 1 0.909804 1 0.905882 0.905882 0.905882 1 0.909804 0.909804 0.909804 1 0.890196 1 0.894118 0.894118 0.894118 1 0.890196 0.890196 0.890196 1 0.815686 1 0.862745 0.862745 0.862745 1 0.886275 0.886275 0.886275 1 
0.890196 0.890196 0.890196 1 0.882353 0.882353 0.882353 1 0.886275 0.886275 0.894118 0.894118 0.894118 1 0.894118 0.894118 0.894118 1 0.890196 0.890196 0.909804 0.909804 0.909804 1 0.909804 0.909804 0.909804 1 0.909804 0.909804 0.909804 0.909804 0.909804 1 0.909804 0.909804 0.909804 1 0.909804 0.909804 0.890196 0.890196 0.890196 1 0.882353 0.882353 0.882353 1 0.886275 0.886275 0.890196 0.890196 0.890196 1 0.894118 0.894118 0.894118 1 0.890196 0.890196 0.909804 0.909804 0.909804 1 0.909804 0.909804 0.909804 1 0.909804 0.909804 0.909804 0.909804 0.909804 1 0.913725 0.913725 0.913725 1 0.913725 0.913725 0.890196 0.890196 0.890196 1 0.886275 0.886275 0.886275 1 0.890196 0.890196 0.894118 0.894118 0.894118 1 0.894118 0.894118 0.894118 1 0.894118 0.894118 
0.886275 1 0.894118 0.894118 0.894118 1 0.894118 0.894118 0.894118 1 0.890196 1 0.894118 0.894118 0.894118 1 0.894118 0.894118 0.894118 1 0.909804 1 0.909804 0.909804 0.909804 1 0.913725 0.913725 0.913725 1 0.909804 1 0.909804 0.909804 0.909804 1 0.913725 0.913725 0.913725 1 0.886275 1 0.898039 0.898039 0.898039 1 0.898039 0.898039 0.898039 1 0.890196 1 0.894118 0.894118 0.894118 1 0.894118 0.894118 0.894118 1 0.909804 1 0.913725 0.913725 0.913725 1 0.913725 0.913725 0.913725 1 0.913725 1 0.909804 0.909804 0.909804 1 0.913725 0.913725 0.913725 1 0.890196 1 0.894118 0.894118 0.894118 1 0.901961 0.901961 0.901961 1 0.894118 1 0.898039 0.898039 0.898039 1 0.898039 0.898039 0.898039 1 
0.894118 0.894118 0.894118 1 0.886275 0.886275 0.886275 1 0.894118 0.894118 0.894118 0.894118 0.894118 1 0.886275 0.886275 0.886275 1 0.886275 0.886275 0.909804 0.909804 0.909804 1 0.909804 0.909804 0.909804 1 0.909804 0.909804 0.917647 0.917647 0.917647 1 0.913725 0.913725 0.913725 1 0.913725 0.913725 0.898039 0.898039 0.898039 1 0.894118 0.894118 0.894118 1 0.898039 0.898039 0.894118 0.894118 0.894118 1 0.890196 0.890196 0.890196 1 0.890196 0.890196 0.917647 0.917647 0.917647 1 0.913725 0.913725 0.913725 1 0.913725 0.913725 0.913725 0.913725 0.913725 1 0.909804 0.909804 0.909804 1 0.909804 0.909804 0.898039 0.898039 0.898039 1 0.898039 0.898039 0.898039 1 0.894118 0.894118 0.898039 0.898039 0.898039 1 0.890196 0.890196 0.890196 1 0.886275 0.886275 
0.894118 1 0.898039 0.898039 0.898039 1 0.898039 0.898039 0.898039 1 0.886275 1 0.886275 0.886275 0.886275 1 0.886275 0.886275 0.886275 1 0.909804 1 0.909804 0.909804 0.909804 1 0.909804 0.909804 0.909804 1 0.913725 1 0.917647 0.917647 0.917647 1 0.913725 0.913725 0.913725 1 0.898039 1 0.898039 0.898039 0.898039 1 0.901961 0.901961 0.901961 1 0.890196 1 0.890196 0.890196 0.890196 1 0.890196 0.890196 0.890196 1 0.913725 1 0.913725 0.913725 0.913725 1 0.913725 0.913725 0.913725 1 0.909804 1 0.909804 0.909804 0.909804 1 0.909804 0.909804 0.909804 1 0.894118 1 0.898039 0.898039 0.898039 1 0.901961 0.901961 0.901961 1 0.886275 1 0.890196 0.890196 0.890196 1 0.894118 0.894118 0.894118 1 
0.898039 0.898039 0.898039 1 0.898039 0.898039 0.898039 1 0.890196 0.890196 0.886275 0.886275 0.886275 1 0.901961 0.901961 0.901961 1 0.905882 0.905882 0.913725 0.913725 0.913725 1 0.913725 0.913725 0.913725 1 0.917647 0.917647 0.905882 0.905882 0.905882 1 0.905882 0.905882 0.905882 1 0.905882 0.905882 0.898039 0.898039 0.898039 1 0.901961 0.901961 0.901961 1 0.894118 0.894118 0.890196 0.890196 0.890196 1 0.905882 0.905882 0.905882 1 0.909804 0.909804 0.913725 0.913725 0.913725 1 0.913725 0.913725 0.913725 1 0.913725 0.913725 0.905882 0.905882 0.905882 1 0.905882 0.905882 0.905882 1 0.905882 0.905882 0.898039 0.898039 0.898039 1 0.898039 0.898039 0.898039 1 0.898039 0.898039 0.894118 0.894118 0.894118 1 0.905882 0.905882 0.905882 1 0.909804 0.909804 
0.890196 1 0.815686 0.815686 0.815686 1 0.701961 0.701961 0.701961 1 0.905882 1 0.909804 0.909804 0.909804 1 0.905882 0.905882 0.905882 1 0.917647 1 0.905882 0.905882 0.905882 1 0.898039 0.898039 0.898039 1 0.905882 1 0.901961 0.901961 0.901961 1 0.901961 0.901961 0.901961 1 0.894118 1 0.854902 0.854902 0.854902 1 0.788235 0.788235 0.788235 1 0.909804 1 0.909804 0.909804 0.909804 1 0.909804 0.909804 0.909804 1 0.913725 1 0.909804 0.909804 0.909804 1 0.905882 0.905882 0.905882 1 0.905882 1 0.901961 0.901961 0.901961 1 0.901961 0.901961 0.901961 1 0.898039 1 0.894118 0.894118 0.894118 1 0.839216 0.839216 0.839216 1 0.909804 1 0.909804 0.909804 0.909804 1 0.905882 0.905882 0.905882 1 
0.901961 0.901961 0.901961 1 0.909804 0.909804 0.909804 1 0.909804 0.909804 0.905882 0.905882 0.905882 1 0.901961 0.901961 0.901961 1 0.901961 0.901961 0.882353 0.882353 0.882353 1 0.878431 0.878431 0.878431 1 0.878431 0.878431 0.792157 0.792157 0.792157 1 0.713726 0.713726 0.713726 1 0.545098 0.545098 0.894118 0.894118 0.894118 1 0.894118 0.894118 0.894118 1 0.898039 0.898039 0.866667 0.866667 0.866667 1 0.870588 0.870588 0.870588 1 0.870588 0.870588 0.882353 0.882353 0.882353 1 0.878431 0.878431 0.878431 1 0.878431 0.878431 0.776471 0.776471 0.776471 1 0.713726 0.713726 0.713726 1 0.556863 0.556863 0.898039 0.898039 0.898039 1 0.901961 0.901961 0.901961 1 0.901961 0.901961 0.866667 0.866667 0.866667 1 0.866667 0.866667 0.866667 1 0.866667 0.866667 
0.909804 1 0.909804 0.909804 0.909804 1 0.913725 0.913725 0.913725 1 0.901961 1 0.905882 0.905882 0.905882 1 0.909804 0.909804 0.909804 1 0.878431 1 0.87451 0.87451 0.87451 1 0.878431 0.878431 0.878431 1 0.545098 1 0.282353 0.282353 0.282353 1 0.203922 0.203922 0.203922 1 0.898039 1 0.894118 0.894118 0.894118 1 0.894118 0.894118 0.894118 1 0.870588 1 0.866667 0.866667 0.866667 1 0.878431 0.878431 0.878431 1 0.878431 1 0.878431 0.878431 0.878431 1 0.87451 0.87451 0.87451 1 0.556863 1 0.313726 0.313726 0.313726 1 0.203922 0.203922 0.203922 1 0.901961 1 0.898039 0.898039 0.898039 1 0.898039 0.898039 0.898039 1 0.866667 1 0.866667 0.866667 0.866667 1 0.870588 0.870588 0.870588 1 
0.913725 0.913725 0.913725 1 0.917647 0.917647 0.917647 1 0.913725 0.913725 0.898039 0.898039 0.898039 1 0.909804 0.909804 0.909804 1 0.913725 0.913725 0.882353 0.882353 0.882353 1 0.882353 0.882353 0.882353 1 0.878431 0.878431 0.32549 0.32549 0.32549 1 0.556863 0.556863 0.556863 1 0.662745 0.662745 0.894118 0.894118 0.894118 1 0.894118 0.894118 0.894118 1 0.894118 0.894118 0.87451 0.87451 0.87451 1 0.870588 0.870588 0.870588 1 0.870588 0.870588 0.878431 0.878431 0.878431 1 0.87451 0.87451 0.87451 1 0.87451 0.87451 0.223529 0.223529 0.223529 1 0.258824 0.258824 0.258824 1 0.345098 0.345098 0.894118 0.894118 0.894118 1 0.894118 0.894118 0.894118 1 0.890196 0.890196 0.866667 0.866667 0.866667 1 0.835294 0.835294 0.835294 1 0.482353 0.482353 
0.913725 1 0.909804 0.909804 0.909804 1 0.905882 0.905882 0.905882 1 0.913725 1 0.909804 0.909804 0.909804 1 0.905882 0.905882 0.905882 1 0.878431 1 0.882353 0.882353 0.882353 1 0.878431 0.878431 0.878431 1 0.662745 1 0.745098 0.745098 0.745098 1 0.807843 0.807843 0.807843 1 0.894118 1 0.894118 0.894118 0.894118 1 0.890196 0.890196 0.890196 1 0.870588 1 0.756863 0.756863 0.756863 1 0.615686 0.615686 0.615686 1 0.87451 1 0.87451 0.87451 0.87451 1 0.87451 0.87451 0.87451 1 0.345098 1 0.541176 0.541176 0.541176 1 0.666667 0.666667 0.666667 1 0.890196 1 0.894118 0.894118 0.894118 1 0.890196 0.890196 0.890196 1 0.482353 1 0.419608 0.419608 0.419608 1 0.635294 0.635294 0.635294 1 
0.909804 0.909804 0.909804 1 0.913725 0.913725 0.913725 1 0.913725 0.913725 0.909804 0.909804 0.909804 1 0.909804 0.909804 0.909804 1 0.909804 0.909804 0.878431 0.878431 0.878431 1 0.878431 0.878431 0.878431 1 0.878431 0.878431 0.843137 0.843137 0.843137 1 0.870588 0.870588 0.870588 1 0.882353 0.882353 0.886275 0.886275 0.886275 1 0.886275 0.886275 0.886275 1 0.882353 0.882353 0.721569 0.721569 0.721569 1 0.878431 0.878431 0.878431 1 0.890196 0.890196 0.878431 0.878431 0.878431 1 0.878431 0.878431 0.878431 1 0.878431 0.878431 0.729412 0.729412 0.729412 1 0.8 0.8 0.8 1 0.862745 0.862745 0.890196 0.890196 0.890196 1 0.886275 0.886275 0.886275 1 0.886275 0.886275 0.623529 0.623529 0.623529 1 0.596078 0.596078 0.596078 1 0.894118 0.894118 
0.913725 1 0.913725 0.913725 0.913725 1 0.917647 0.917647 0.917647 1 0.909804 1 0.913725 0.913725 0.913725 1 0.913725 0.913725 0.913725 1 0.878431 1 0.882353 0.882353 0.882353 1 0.886275 0.886275 0.886275 1 0.882353 1 0.890196 0.890196 0.890196 1 0.886275 0.886275 0.886275 1 0.882353 1 0.882353 0.882353 0.882353 1 0.886275 0.886275 0.886275 1 0.890196 1 0.898039 0.898039 0.898039 1 0.901961 0.901961 0.901961 1 0.878431 1 0.882353 0.882353 0.882353 1 0.882353 0.882353 0.882353 1 0.862745 1 0.886275 0.886275 0.886275 1 0.886275 0.886275 0.886275 1 0.886275 1 0.878431 0.878431 0.878431 1 0.882353 0.882353 0.882353 1 0.894118 1 0.890196 0.890196 0.890196 1 0.901961 0.901961 0.901961 1 
0.917647 0.917647 0.917647 1 0.917647 0.917647 0.917647 1 0.913725 0.913725 0.913725 0.913725 0.913725 1 0.913725 0.913725 0.913725 1 0.905882 0.905882 0.886275 0.886275 0.886275 1 0.886275 0.886275 0.886275 1 0.890196 0.890196 0.882353 0.882353 0.882353 1 0.87451 0.87451 0.87451 1 0.87451 0.87451 0.886275 0.886275 0.886275 1 0.890196 0.890196 0.890196 1 0.886275 0.886275 0.901961 0.901961 0.901961 1 0.901961 0.901961 0.901961 1 0.898039 0.898039 0.882353 0.882353 0.882353 1 0.882353 0.882353 0.882353 1 0.886275 0.886275 0.890196 0.890196 0.890196 1 0.886275 0.886275 0.886275 1 0.882353 0.882353 0.882353 0.882353 0.882353 1 0.882353 0.882353 0.882353 1 0.882353 0.882353 0.901961 0.901961 0.901961 1 0.901961 0.901961 0.901961 1 0.901961 0.901961 
0.913725 1 0.909804 0.909804 0.909804 1 0.913725 0.913725 0.913725 1 0.905882 1 0.905882 0.905882 0.905882 1 0.905882 0.905882 0.905882 1 0.890196 1 0.890196 0.890196 0.890196 1 0.886275 0.886275 0.886275 1 0.87451 1 0.878431 0.878431 0.878431 1 0.886275 0.886275 0.886275 1 0.886275 1 0.886275 0.886275 0.886275 1 0.894118 0.894118 0.894118 1 0.898039 1 0.898039 0.898039 0.898039 1 0.894118 0.894118 0.894118 1 0.886275 1 0.886275 0.886275 0.886275 1 0.886275 0.886275 0.886275 1 0.882353 1 0.886275 0.886275 0.886275 1 0.890196 0.890196 0.890196 1 0.882353 1 0.882353 0.882353 0.882353 1 0.890196 0.890196 0.890196 1 0.901961 1 0.898039 0.898039 0.898039 1 0.894118 0.894118 0.894118 1 
0.909804 0.909804 0.909804 1 0.909804 0.909804 0.909804 1 0.909804 0.909804 0.905882 0.905882 0.905882 1 0.905882 0.905882 0.905882 1 0.901961 0.901961 0.890196 0.890196 0.890196 1 0.894118 0.894118 0.894118 1 0.890196 0.890196 0.890196 0.890196 0.890196 1 0.890196 0.890196 0.890196 1 0.890196 0.890196 0.878431 0.878431 0.878431 1 0.882353 0.882353 0.882353 1 0.882353 0.882353 0.894118 0.894118 0.894118 1 0.894118 0.894118 0.894118 1 0.894118 0.894118 0.894118 0.894118 0.894118 1 0.890196 0.890196 0.890196 1 0.858824 0.858824 0.894118 0.894118 0.894118 1 0.890196 0.890196 0.890196 1 0.890196 0.890196 0.878431 0.878431 0.878431 1 0.882353 0.882353 0.882353 1 0.87451 0.87451 0.894118 0.894118 0.894118 1 0.890196 0.890196 0.890196 1 0.894118 0.894118 
0.909804 1 0.905882 0.905882 0.905882 1 0.909804 0.909804 0.909804 1 0.901961 1 0.905882 0.905882 0.905882 1 0.901961 0.901961 0.901961 1 0.890196 1 0.878431 0.878431 0.878431 1 0.85098 0.85098 0.85098 1 0.890196 1 0.886275 0.886275 0.886275 1 0.890196 0.890196 0.890196 1 0.882353 1 0.882353 0.882353 0.882353 1 0.882353 0.882353 0.882353 1 0.894118 1 0.894118 0.894118 0.894118 1 0.870588 0.870588 0.870588 1 0.858824 1 0.815686 0.815686 0.815686 1 0.8 0.8 0.8 1 0.890196 1 0.890196 0.890196 0.890196 1 0.894118 0.894118 0.894118 1 0.87451 1 0.87451 0.87451 0.87451 1 0.87451 0.87451 0.87451 1 0.894118 1 0.886275 0.886275 0.886275 1 0.843137 0.843137 0.843137 1 
0.882353 0.882353 0.882353 1 0.882353 0.882353 0.882353 1 0.878431 0.878431 0.611765 0.611765 0.611765 1 0.552941 0.552941 0.552941 1 0.380392 0.380392 0.898039 0.898039 0.898039 1 0.898039 0.898039 0.898039 1 0.901961 0.901961 0.866667 0.866667 0.866667 1 0.862745 0.862745 0.862745 1 0.862745 0.862745 0.886275 0.886275 0.886275 1 0.882353 0.882353 0.882353 1 0.882353 0.882353 0.25098 0.25098 0.25098 1 0.254902 0.254902 0.254902 1 0.219608 0.219608 0.894118 0.894118 0.894118 1 0.898039 0.898039 0.898039 1 0.901961 0.901961 0.858824 0.858824 0.858824 1 0.854902 0.854902 0.854902 1 0.854902 0.854902 0.886275 0.886275 0.886275 1 0.882353 0.882353 0.882353 1 0.882353 0.882353 0.188235 0.188235 0.188235 1 0.180392 0.180392 0.180392 1 0.180392 0.180392 
0.878431 1 0.87451 0.87451 0.87451 1 0.87451 0.87451 0.87451 1 0.380392 1 0.235294 0.235294 0.235294 1 0.196078 0.196078 0.196078 1 0.901961 1 0.901961 0.901961 0.901961 1 0.901961 0.901961 0.901961 1 0.862745 1 0.858824 0.858824 0.858824 1 0.854902 0.854902 0.854902 1 0.882353 1 0.878431 0.878431 0.878431 1 0.870588 0.870588 0.870588 1 0.219608 1 0.188235 0.188235 0.188235 1 0.184314 0.184314 0.184314 1 0.901961 1 0.905882 0.905882 0.905882 1 0.898039 0.898039 0.898039 1 0.854902 1 0.85098 0.85098 0.85098 1 0.847059 0.847059 0.847059 1 0.882353 1 0.87451 0.87451 0.87451 1 0.87451 0.87451 0.87451 1 0.180392 1 0.176471 0.176471 0.176471 1 0.168627 0.168627 0.168627 1 
0.87451 0.87451 0.87451 1 0.87451 0.87451 0.87451 1 0.870588 0.870588 0.196078 0.196078 0.196078 1 0.192157 0.192157 0.192157 1 0.2 0.2 0.894118 0.894118 0.894118 1 0.894118 0.894118 0.894118 1 0.886275 0.886275 0.847059 0.847059 0.847059 1 0.458824 0.458824 0.458824 1 0.756863 0.756863 0.870588 0.870588 0.870588 1 0.870588 0.870588 0.870588 1 0.866667 0.866667 0.184314 0.184314 0.184314 1 0.176471 0.176471 0.176471 1 0.180392 0.180392 0.894118 0.894118 0.894118 1 0.890196 0.890196 0.890196 1 0.886275 0.886275 0.662745 0.662745 0.662745 1 0.0666667 0.0666667 0.0666667 1 0.694118 0.694118 0.870588 0.870588 0.870588 1 0.870588 0.870588 0.870588 1 0.866667 0.866667 0.168627 0.168627 0.168627 1 0.168627 0.168627 0.168627 1 0.164706 0.164706 
0.870588 1 0.870588 0.870588 0.870588 1 0.878431 0.878431 0.878431 1 0.2 1 0.247059 0.247059 0.247059 1 0.32549 0.32549 0.32549 1 0.886275 1 0.886275 0.886275 0.886275 1 0.886275 0.886275 0.886275 1 0.756863 1 0.854902 0.854902 0.854902 1 0.890196 0.890196 0.890196 1 0.866667 1 0.870588 0.870588 0.870588 1 0.870588 0.870588 0.870588 1 0.180392 1 0.176471 0.176471 0.176471 1 0.180392 0.180392 0.180392 1 0.886275 1 0.882353 0.882353 0.882353 1 0.882353 0.882353 0.882353 1 0.694118 1 0.905882 0.905882 0.905882 1 0.960784 0.960784 0.960784 1 0.866667 1 0.866667 0.866667 0.866667 1 0.866667 0.866667 0.866667 1 0.164706 1 0.164706 0.164706 0.164706 1 0.168627 0.168627 0.168627 1 
0.87451 0.87451 0.87451 1 0.87451 0.87451 0.87451 1 0.878431 0.878431 0.494118 0.494118 0.494118 1 0.717647 0.717647 0.717647 1 0.803922 0.803922 0.886275 0.886275 0.886275 1 0.886275 0.886275 0.886275 1 0.882353 0.882353 0.890196 0.890196 0.890196 1 0.772549 0.772549 0.772549 1 0.882353 0.882353 0.862745 0.862745 0.862745 1 0.870588 0.870588 0.870588 1 0.882353 0.882353 0.286275 0.286275 0.286275 1 0.54902 0.54902 0.54902 1 0.619608 0.619608 0.882353 0.882353 0.882353 1 0.882353 0.882353 0.882353 1 0.878431 0.878431 0.905882 0.905882 0.905882 1 0.760784 0.760784 0.760784 1 0.87451 0.87451 0.866667 0.866667 0.866667 1 0.870588 0.870588 0.870588 1 0.882353 0.882353 0.188235 0.188235 0.188235 1 0.243137 0.243137 0.243137 1 0.247059 0.247059 
0.878431 1 0.882353 0.882353 0.882353 1 0.886275 0.886275 0.886275 1 0.803922 1 0.823529 0.823529 0.823529 1 0.827451 0.827451 0.827451 1 0.882353 1 0.878431 0.878431 0.878431 1 0.878431 0.878431 0.878431 1 0.882353 1 0.882353 0.882353 0.882353 1 0.894118 0.894118 0.894118 1 0.882353 1 0.882353 0.882353 0.882353 1 0.886275 0.886275 0.886275 1 0.619608 1 0.647059 0.647059 0.647059 1 0.678431 0.678431 0.678431 1 0.878431 1 0.878431 0.878431 0.878431 1 0.878431 0.878431 0.878431 1 0.87451 1 0.878431 0.878431 0.878431 1 0.886275 0.886275 0.886275 1 0.882353 1 0.878431 0.878431 0.878431 1 0.886275 0.886275 0.886275 1 0.247059 1 0.286275 0.286275 0.286275 1 0.392157 0.392157 0.392157 1 
0.886275 0.886275 0.886275 1 0.886275 0.886275 0.886275 1 0.890196 0.890196 0.843137 0.843137 0.843137 1 0.87451 0.87451 0.87451 1 0.890196 0.890196 0.882353 0.882353 0.882353 1 0.882353 0.882353 0.882353 1 0.882353 0.882353 0.898039 0.898039 0.898039 1 0.901961 0.901961 0.901961 1 0.890196 0.890196 0.886275 0.886275 0.886275 1 0.886275 0.886275 0.886275 1 0.886275 0.886275 0.768627 0.768627 0.768627 1 0.862745 0.862745 0.862745 1 0.890196 0.890196 0.878431 0.878431 0.878431 1 0.878431 0.878431 0.878431 1 0.878431 0.878431 0.890196 0.890196 0.890196 1 0.890196 0.890196 0.890196 1 0.882353 0.882353 0.886275 0.886275 0.886275 1 0.886275 0.886275 0.886275 1 0.886275 0.886275 0.737255 0.737255 0.737255 1 0.878431 0.878431 0.878431 1 0.898039 0.898039 
0.890196 1 0.886275 0.886275 0.886275 1 0.886275 0.886275 0.886275 1 0.890196 1 0.890196 0.890196 0.890196 1 0.894118 0.894118 0.894118 1 0.882353 1 0.882353 0.882353 0.882353 1 0.894118 0.894118 0.894118 1 0.890196 1 0.882353 0.882353 0.882353 1 0.878431 0.878431 0.878431 1 0.886275 1 0.886275 0.886275 0.886275 1 0.886275 0.886275 0.886275 1 0.890196 1 0.894118 0.894118 0.894118 1 0.894118 0.894118 0.894118 1 0.878431 1 0.882353 0.882353 0.882353 1 0.894118 0.894118 0.894118 1 0.882353 1 0.878431 0.878431 0.878431 1 0.862745 0.862745 0.862745 1 0.886275 1 0.87451 0.87451 0.87451 1 0.835294 0.835294 0.835294 1 0.898039 1 0.898039 0.898039 0.898039 1 0.898039 0.898039 0.898039 1 
0.886275 0.886275 0.886275 1 0.835294 0.835294 0.835294 1 0.709804 0.709804 0.898039 0.898039 0.898039 1 0.898039 0.898039 0.898039 1 0.894118 0.894118 0.878431 0.878431 0.878431 1 0.878431 0.878431 0.878431 1 0.87451 0.87451 0.886275 0.886275 0.886275 1 0.87451 0.87451 0.87451 1 0.870588 0.870588 0.839216 0.839216 0.839216 1 0.647059 0.647059 0.647059 1 0.313726 0.313726 0.898039 0.898039 0.898039 1 0.901961 0.901961 0.901961 1 0.894118 0.894118 0.878431 0.878431 0.878431 1 0.870588 0.870588 0.870588 1 0.862745 0.862745 0.858824 0.858824 0.858824 1 0.85098 0.85098 0.85098 1 0.831373 0.831373 0.670588 0.670588 0.670588 1 0.309804 0.309804 0.309804 1 0.203922 0.203922 0.898039 0.898039 0.898039 1 0.898039 0.898039 0.898039 1 0.898039 0.898039 
0.709804 1 0.592157 0.592157 0.592157 1 0.596078 0.596078 0.596078 1 0.894118 1 0.890196 0.890196 0.890196 1 0.894118 0.894118 0.894118 1 0.87451 1 0.870588 0.870588 0.870588 1 0.870588 0.870588 0.870588 1 0.870588 1 0.847059 0.847059 0.847059 1 0.784314 0.784314 0.784314 1 0.313726 1 0.231373 0.231373 0.231373 1 0.231373 0.231373 0.231373 1 0.894118 1 0.894118 0.894118 0.894118 1 0.890196 0.890196 0.890196 1 0.862745 1 0.862745 0.862745 0.862745 1 0.862745 0.862745 0.862745 1 0.831373 1 0.784314 0.784314 0.784314 1 0.698039 0.698039 0.698039 1 0.203922 1 0.196078 0.196078 0.196078 1 0.188235 0.188235 0.188235 1 0.898039 1 0.898039 0.898039 0.898039 1 0.894118 0.894118 0.894118 1 
0.894118 0.894118 0.894118 1 0.898039 0.898039 0.898039 1 0.901961 0.901961 0.854902 0.854902 0.854902 1 0.858824 0.858824 0.858824 1 0.854902 0.854902 0.886275 0.886275 0.886275 1 0.882353 0.882353 0.882353 1 0.882353 0.882353 0.176471 0.176471 0.176471 1 0.172549 0.172549 0.172549 1 0.176471 0.176471 0.901961 0.901961 0.901961 1 0.901961 0.901961 0.901961 1 0.905882 0.905882 0.847059 0.847059 0.847059 1 0.847059 0.847059 0.847059 1 0.854902 0.854902 0.886275 0.886275 0.886275 1 0.886275 0.886275 0.886275 1 0.886275 0.886275 0.180392 0.180392 0.180392 1 0.172549 0.172549 0.172549 1 0.172549 0.172549 0.901961 0.901961 0.901961 1 0.905882 0.905882 0.905882 1 0.905882 0.905882 0.862745 0.862745 0.862745 1 0.858824 0.858824 0.858824 1 0.862745 0.862745 
0.901961 1 0.905882 0.905882 0.905882 1 0.898039 0.898039 0.898039 1 0.854902 1 0.854902 0.854902 0.854902 1 0.854902 0.854902 0.854902 1 0.882353 1 0.878431 0.878431 0.878431 1 0.878431 0.878431 0.878431 1 0.176471 1 0.176471 0.176471 0.176471 1 0.168627 0.168627 0.168627 1 0.905882 1 0.905882 0.905882 0.905882 1 0.898039 0.898039 0.898039 1 0.854902 1 0.858824 0.858824 0.858824 1 0.862745 0.862745 0.862745 1 0.886275 1 0.886275 0.886275 0.886275 1 0.886275 0.886275 0.886275 1 0.172549 1 0.172549 0.172549 0.172549 1 0.168627 0.168627 0.168627 1 0.905882 1 0.905882 0.905882 0.905882 1 0.901961 0.901961 0.901961 1 0.862745 1 0.862745 0.862745 0.862745 1 0.866667 0.866667 0.866667 1 
0.890196 0.890196 0.890196 1 0.890196 0.890196 0.890196 1 0.886275 0.886275 0.321569 0.321569 0.321569 1 0.0666667 0.0666667 0.0666667 1 0.396078 0.396078 0.878431 0.878431 0.878431 1 0.878431 0.878431 0.878431 1 0.87451 0.87451 0.160784 0.160784 0.160784 1 0.160784 0.160784 0.160784 1 0.164706 0.164706 0.886275 0.886275 0.886275 1 0.886275 0.886275 0.886275 1 0.882353 0.882353 0.286275 0.286275 0.286275 1 0.0823529 0.0823529 0.0823529 1 0.054902 0.054902 0.886275 0.886275 0.886275 1 0.886275 0.886275 0.886275 1 0.882353 0.882353 0.168627 0.168627 0.168627 1 0.172549 0.172549 0.172549 1 0.168627 0.168627 0.890196 0.890196 0.890196 1 0.886275 0.886275 0.886275 1 0.890196 0.890196 0.466667 0.466667 0.466667 1 0.109804 0.109804 0.109804 1 0.0705882 0.0705882 
0.886275 1 0.878431 0.878431 0.878431 1 0.878431 0.878431 0.878431 1 0.396078 1 0.847059 0.847059 0.847059 1 0.882353 0.882353 0.882353 1 0.87451 1 0.870588 0.870588 0.870588 1 0.87451 0.87451 0.87451 1 0.164706 1 0.164706 0.164706 0.164706 1 0.164706 0.164706 0.164706 1 0.882353 1 0.878431 0.878431 0.878431 1 0.882353 0.882353 0.882353 1 0.054902 1 0.517647 0.517647 0.517647 1 0.819608 0.819608 0.819608 1 0.882353 1 0.882353 0.882353 0.882353 1 0.882353 0.882353 0.882353 1 0.168627 1 0.168627 0.168627 0.168627 1 0.168627 0.168627 0.168627 1 0.890196 1 0.890196 0.890196 0.890196 1 0.886275 0.886275 0.886275 1 0.0705882 1 0.0352941 0.0352941 0.0352941 1 0.101961 0.101961 0.101961 1 
0.878431 0.878431 0.878431 1 0.878431 0.878431 0.878431 1 0.882353 0.882353 0.807843 0.807843 0.807843 1 0.737255 0.737255 0.737255 1 0.870588 0.870588 0.87451 0.87451 0.87451 1 0.878431 0.878431 0.878431 1 0.886275 0.886275 0.176471 0.176471 0.176471 1 0.184314 0.184314 0.184314 1 0.180392 0.180392 0.886275 0.886275 0.886275 1 0.886275 0.886275 0.886275 1 0.886275 0.886275 0.568627 0.568627 0.568627 1 0.823529 0.823529 0.823529 1 0.87451 0.87451 0.886275 0.886275 0.886275 1 0.886275 0.886275 0.886275 1 0.890196 0.890196 0.176471 0.176471 0.176471 1 0.180392 0.180392 0.180392 1 0.180392 0.180392 0.890196 0.890196 0.890196 1 0.886275 0.886275 0.886275 1 0.886275 0.886275 0.713726 0.713726 0.713726 1 0.87451 0.87451 0.87451 1 0.882353 0.882353 
0.882353 1 0.882353 0.882353 0.882353 1 0.878431 0.878431 0.878431 1 0.870588 1 0.882353 0.882353 0.882353 1 0.886275 0.886275 0.886275 1 0.886275 1 0.886275 0.886275 0.886275 1 0.890196 0.890196 0.890196 1 0.180392 1 0.207843 0.207843 0.207843 1 0.505882 0.505882 0.505882 1 0.886275 1 0.886275 0.886275 0.886275 1 0.886275 0.886275 0.886275 1 0.87451 1 0.882353 0.882353 0.882353 1 0.890196 0.890196 0.890196 1 0.890196 1 0.890196 0.890196 0.890196 1 0.890196 0.890196 0.890196 1 0.180392 1 0.368627 0.368627 0.368627 1 0.745098 0.745098 0.745098 1 0.886275 1 0.886275 0.886275 0.886275 1 0.890196 0.890196 0.890196 1 0.882353 1 0.886275 0.886275 0.886275 1 0.894118 0.894118 0.894118 1 
0.878431 0.878431 0.878431 1 0.878431 0.878431 0.878431 1 0.886275 0.886275 0.886275 0.886275 0.886275 1 0.886275 0.886275 0.886275 1 0.882353 0.882353 0.890196 0.890196 0.890196 1 0.890196 0.890196 0.890196 1 0.870588 0.870588 0.815686 0.815686 0.815686 1 0.894118 0.894118 0.894118 1 0.898039 0.898039 0.878431 0.878431 0.878431 1 0.882353 0.882353 0.882353 1 0.890196 0.890196 0.890196 0.890196 0.890196 1 0.890196 0.890196 0.890196 1 0.87451 0.87451 0.890196 0.890196 0.890196 1 0.882353 0.882353 0.882353 1 0.807843 0.807843 0.882353 0.882353 0.882353 1 0.898039 0.898039 0.898039 1 0.898039 0.898039 0.886275 0.886275 0.886275 1 0.886275 0.886275 0.886275 1 0.890196 0.890196 0.894118 0.894118 0.894118 1 0.886275 0.886275 0.886275 1 0.843137 0.843137 
0.886275 1 0.886275 0.886275 0.886275 1 0.894118 0.894118 0.894118 1 0.882353 1 0.862745 0.862745 0.862745 1 0.839216 0.839216 0.839216 1 0.870588 1 0.803922 0.803922 0.803922 1 0.658824 0.658824 0.658824 1 0.898039 1 0.898039 0.898039 0.898039 1 0.898039 0.898039 0.898039 1 0.890196 1 0.890196 0.890196 0.890196 1 0.894118 0.894118 0.894118 1 0.87451 1 0.839216 0.839216 0.839216 1 0.807843 0.807843 0.807843 1 0.807843 1 0.607843 0.607843 0.607843 1 0.329412 0.329412 0.329412 1 0.898039 1 0.898039 0.898039 0.898039 1 0.901961 0.901961 0.901961 1 0.890196 1 0.894118 0.894118 0.894118 1 0.894118 0.894118 0.894118 1 0.843137 1 0.796078 0.796078 0.796078 1 0.74902 0.74902 0.74902 1 
0.87451 0.87451 0.87451 1 0.870588 0.870588 0.870588 1 0.866667 0.866667 0.831373 0.831373 0.831373 1 0.811765 0.811765 0.811765 1 0.772549 0.772549 0.32549 0.32549 0.32549 1 0.203922 0.203922 0.203922 1 0.196078 0.196078 0.898039 0.898039 0.898039 1 0.898039 0.898039 0.898039 1 0.898039 0.898039 0.87451 0.87451 0.87451 1 0.87451 0.87451 0.87451 1 0.870588 0.870588 0.780392 0.780392 0.780392 1 0.74902 0.74902 0.74902 1 0.698039 0.698039 0.203922 0.203922 0.203922 1 0.192157 0.192157 0.192157 1 0.192157 0.192157 0.901961 0.901961 0.901961 1 0.901961 0.901961 0.901961 1 0.901961 0.901961 0.878431 0.878431 0.878431 1 0.878431 0.878431 0.878431 1 0.878431 0.878431 0.698039 0.698039 0.698039 1 0.65098 0.65098 0.65098 1 0.545098 0.545098 
0.866667 1 0.866667 0.866667 0.866667 1 0.866667 0.866667 0.866667 1 0.772549 1 0.709804 0.709804 0.709804 1 0.560784 0.560784 0.560784 1 0.196078 1 0.192157 0.192157 0.192157 1 0.184314 0.184314 0.184314 1 0.898039 1 0.898039 0.898039 0.898039 1 0.898039 0.898039 0.898039 1 0.870588 1 0.870588 0.870588 0.870588 1 0.866667 0.866667 0.866667 1 0.698039 1 0.588235 0.588235 0.588235 1 0.380392 0.380392 0.380392 1 0.192157 1 0.188235 0.188235 0.188235 1 0.184314 0.184314 0.184314 1 0.901961 1 0.901961 0.901961 0.901961 1 0.905882 0.905882 0.905882 1 0.878431 1 0.87451 0.87451 0.87451 1 0.870588 0.870588 0.870588 1 0.545098 1 0.392157 0.392157 0.392157 1 0.270588 0.270588 0.270588 1 
0.886275 0.886275 0.886275 1 0.886275 0.886275 0.886275 1 0.886275 0.886275 0.176471 0.176471 0.176471 1 0.172549 0.172549 0.172549 1 0.176471 0.176471 0.905882 0.905882 0.905882 1 0.905882 0.905882 0.905882 1 0.905882 0.905882 0.87451 0.87451 0.87451 1 0.866667 0.866667 0.866667 1 0.87451 0.87451 0.878431 0.878431 0.878431 1 0.878431 0.878431 0.878431 1 0.878431 0.878431 0.164706 0.164706 0.164706 1 0.160784 0.160784 0.160784 1 0.160784 0.160784 0.901961 0.901961 0.901961 1 0.898039 0.898039 0.898039 1 0.898039 0.898039 0.913725 0.913725 0.913725 1 0.901961 0.901961 0.901961 1 0.905882 0.905882 0.878431 0.878431 0.878431 1 0.882353 0.882353 0.882353 1 0.882353 0.882353 0.164706 0.164706 0.164706 1 0.164706 0.164706 0.164706 1 0.160784 0.160784 
0.886275 1 0.882353 0.882353 0.882353 1 0.882353 0.882353 0.882353 1 0.176471 1 0.172549 0.172549 0.172549 1 0.172549 0.172549 0.172549 1 0.905882 1 0.901961 0.901961 0.901961 1 0.898039 0.898039 0.898039 1 0.87451 1 0.870588 0.870588 0.870588 1 0.866667 0.866667 0.866667 1 0.878431 1 0.878431 0.878431 0.878431 1 0.878431 0.878431 0.878431 1 0.160784 1 0.160784 0.160784 0.160784 1 0.156863 0.156863 0.156863 1 0.898039 1 0.894118 0.894118 0.894118 1 0.890196 0.890196 0.890196 1 0.905882 1 0.898039 0.898039 0.898039 1 0.898039 0.898039 0.898039 1 0.882353 1 0.886275 0.886275 0.886275 1 0.886275 0.886275 0.886275 1 0.160784 1 0.164706 0.164706 0.164706 1 0.164706 0.164706 0.164706 1 
0.886275 0.886275 0.886275 1 0.890196 0.890196 0.890196 1 0.890196 0.890196 0.168627 0.168627 0.168627 1 0.168627 0.168627 0.168627 1 0.168627 0.168627 0.890196 0.890196 0.890196 1 0.886275 0.886275 0.886275 1 0.886275 0.886275 0.780392 0.780392 0.780392 1 0.196078 0.196078 0.196078 1 0.101961 0.101961 0.878431 0.878431 0.878431 1 0.886275 0.886275 0.886275 1 0.886275 0.886275 0.156863 0.156863 0.156863 1 0.152941 0.152941 0.152941 1 0.172549 0.172549 0.886275 0.886275 0.886275 1 0.886275 0.886275 0.886275 1 0.890196 0.890196 0.886275 0.886275 0.886275 1 0.878431 0.878431 0.878431 1 0.858824 0.858824 0.882353 0.882353 0.882353 1 0.886275 0.886275 0.886275 1 0.890196 0.890196 0.156863 0.156863 0.156863 1 0.14902 0.14902 0.14902 1 0.180392 0.180392 
0.890196 1 0.890196 0.890196 0.890196 1 0.890196 0.890196 0.890196 1 0.168627 1 0.172549 0.172549 0.172549 1 0.184314 0.184314 0.184314 1 0.886275 1 0.890196 0.890196 0.890196 1 0.886275 0.886275 0.886275 1 0.101961 1 0.321569 0.321569 0.321569 1 0.713726 0.713726 0.713726 1 0.886275 1 0.882353 0.882353 0.882353 1 0.882353 0.882353 0.882353 1 0.172549 1 0.168627 0.168627 0.168627 1 0.180392 0.180392 0.180392 1 0.890196 1 0.890196 0.890196 0.890196 1 0.894118 0.894118 0.894118 1 0.858824 1 0.886275 0.886275 0.886275 1 0.886275 0.886275 0.886275 1 0.890196 1 0.886275 0.886275 0.886275 1 0.886275 0.886275 0.886275 1 0.180392 1 0.180392 0.180392 0.180392 1 0.188235 0.188235 0.188235 1 
0.890196 0.890196 0.890196 1 0.890196 0.890196 0.890196 1 0.890196 0.890196 0.184314 0.184314 0.184314 1 0.180392 0.180392 0.180392 1 0.305882 0.305882 0.890196 0.890196 0.890196 1 0.886275 0.886275 0.886275 1 0.886275 0.886275 0.87451 0.87451 0.87451 1 0.886275 0.886275 0.886275 1 0.890196 0.890196 0.882353 0.882353 0.882353 1 0.886275 0.886275 0.886275 1 0.886275 0.886275 0.188235 0.188235 0.188235 1 0.266667 0.266667 0.266667 1 0.654902 0.654902 0.894118 0.894118 0.894118 1 0.894118 0.894118 0.894118 1 0.894118 0.894118 0.890196 0.890196 0.890196 1 0.894118 0.894118 0.894118 1 0.898039 0.898039 0.886275 0.886275 0.886275 1 0.886275 0.886275 0.886275 1 0.886275 0.886275 0.203922 0.203922 0.203922 1 0.498039 0.498039 0.498039 1 0.819608 0.819608 
0.890196 1 0.890196 0.890196 0.890196 1 0.890196 0.890196 0.890196 1 0.305882 1 0.698039 0.698039 0.698039 1 0.866667 0.866667 0.866667 1 0.886275 1 0.882353 0.882353 0.882353 1 0.886275 0.886275 0.886275 1 0.890196 1 0.890196 0.890196 0.890196 1 0.890196 0.890196 0.890196 1 0.886275 1 0.882353 0.882353 0.882353 1 0.878431 0.878431 0.878431 1 0.654902 1 0.862745 0.862745 0.862745 1 0.909804 0.909804 0.909804 1 0.894118 1 0.894118 0.894118 0.894118 1 0.890196 0.890196 0.890196 1 0.898039 1 0.894118 0.894118 0.894118 1 0.886275 0.886275 0.886275 1 0.886275 1 0.886275 0.886275 0.886275 1 0.87451 0.87451 0.87451 1 0.819608 1 0.909804 0.909804 0.909804 1 0.913725 0.913725 0.913725 1 
0.886275 0.886275 0.886275 1 0.847059 0.847059 0.847059 1 0.662745 0.662745 0.898039 0.898039 0.898039 1 0.901961 0.901961 0.901961 1 0.898039 0.898039 0.886275 0.886275 0.886275 1 0.886275 0.886275 0.886275 1 0.890196 0.890196 0.882353 0.882353 0.882353 1 0.847059 0.847059 0.847059 1 0.784314 0.784314 0.866667 0.866667 0.866667 1 0.733333 0.733333 0.733333 1 0.396078 0.396078 0.913725 0.913725 0.913725 1 0.909804 0.909804 0.909804 1 0.909804 0.909804 0.890196 0.890196 0.890196 1 0.894118 0.894118 0.894118 1 0.901961 0.901961 0.85098 0.85098 0.85098 1 0.788235 0.788235 0.788235 1 0.690196 0.690196 0.780392 0.780392 0.780392 1 0.486275 0.486275 0.486275 1 0.203922 0.203922 0.913725 0.913725 0.913725 1 0.913725 0.913725 0.913725 1 0.913725 0.913725 
0.662745 1 0.313726 0.313726 0.313726 1 0.2 0.2 0.2 1 0.898039 1 0.898039 0.898039 0.898039 1 0.901961 0.901961 0.901961 1 0.890196 1 0.898039 0.898039 0.898039 1 0.901961 0.901961 0.901961 1 0.784314 1 0.686275 0.686275 0.686275 1 0.588235 0.588235 0.588235 1 0.396078 1 0.184314 0.184314 0.184314 1 0.176471 0.176471 0.176471 1 0.909804 1 0.905882 0.905882 0.905882 1 0.905882 0.905882 0.905882 1 0.901961 1 0.905882 0.905882 0.905882 1 0.905882 0.905882 0.905882 1 0.690196 1 0.501961 0.501961 0.501961 1 0.368627 0.368627 0.368627 1 0.203922 1 0.180392 0.180392 0.180392 1 0.176471 0.176471 0.176471 1 0.913725 1 0.917647 0.917647 0.917647 1 0.917647 0.917647 0.917647 1 
0.192157 0.192157 0.192157 1 0.188235 0.188235 0.188235 1 0.180392 0.180392 0.901961 0.901961 0.901961 1 0.901961 0.901961 0.901961 1 0.905882 0.905882 0.886275 0.886275 0.886275 1 0.890196 0.890196 0.890196 1 0.894118 0.894118 0.513726 0.513726 0.513726 1 0.454902 0.454902 0.454902 1 0.352941 0.352941 0.172549 0.172549 0.172549 1 0.176471 0.176471 0.176471 1 0.176471 0.176471 0.905882 0.905882 0.905882 1 0.901961 0.901961 0.901961 1 0.909804 0.909804 0.913725 0.913725 0.913725 1 0.913725 0.913725 0.913725 1 0.913725 0.913725 0.34902 0.34902 0.34902 1 0.305882 0.305882 0.305882 1 0.27451 0.27451 0.176471 0.176471 0.176471 1 0.176471 0.176471 0.176471 1 0.172549 0.172549 0.921569 0.921569 0.921569 1 0.921569 0.921569 0.921569 1 0.921569 0.921569 
0.180392 1 0.180392 0.180392 0.180392 1 0.176471 0.176471 0.176471 1 0.905882 1 0.901961 0.901961 0.901961 1 0.901961 0.901961 0.901961 1 0.894118 1 0.890196 0.890196 0.890196 1 0.882353 0.882353 0.882353 1 0.352941 1 0.266667 0.266667 0.266667 1 0.247059 0.247059 0.247059 1 0.176471 1 0.168627 0.168627 0.168627 1 0.168627 0.168627 0.168627 1 0.909804 1 0.909804 0.909804 0.909804 1 0.905882 0.905882 0.905882 1 0.913725 1 0.913725 0.913725 0.913725 1 0.913725 0.913725 0.913725 1 0.27451 1 0.258824 0.258824 0.258824 1 0.254902 0.254902 0.254902 1 0.172549 1 0.168627 0.168627 0.168627 1 0.164706 0.164706 0.164706 1 0.921569 1 0.921569 0.921569 0.921569 1 0.921569 0.921569 0.921569 1 
0.898039 0.898039 0.898039 1 0.894118 0.894118 0.894118 1 0.894118 0.894118 0.913725 0.913725 0.913725 1 0.901961 0.901961 0.901961 1 0.905882 0.905882 0.882353 0.882353 0.882353 1 0.882353 0.882353 0.882353 1 0.882353 0.882353 0.156863 0.156863 0.156863 1 0.156863 0.156863 0.156863 1 0.152941 0.152941 0.894118 0.894118 0.894118 1 0.894118 0.894118 0.894118 1 0.894118 0.894118 0.905882 0.905882 0.905882 1 0.901961 0.901961 0.901961 1 0.898039 0.898039 0.878431 0.878431 0.878431 1 0.882353 0.882353 0.882353 1 0.886275 0.886275 0.145098 0.145098 0.145098 1 0.145098 0.145098 0.145098 1 0.141176 0.141176 0.898039 0.898039 0.898039 1 0.898039 0.898039 0.898039 1 0.894118 0.894118 0.901961 0.901961 0.901961 1 0.901961 0.901961 0.901961 1 0.898039 0.898039 
0.894118 1 0.898039 0.898039 0.898039 1 0.894118 0.894118 0.894118 1 0.905882 1 0.901961 0.901961 0.901961 1 0.898039 0.898039 0.898039 1 0.882353 1 0.886275 0.886275 0.886275 1 0.886275 0.886275 0.886275 1 0.152941 1 0.14902 0.14902 0.14902 1 0.14902 0.14902 0.14902 1 0.894118 1 0.894118 0.894118 0.894118 1 0.894118 0.894118 0.894118 1 0.898039 1 0.898039 0.898039 0.898039 1 0.898039 0.898039 0.898039 1 0.886275 1 0.886275 0.886275 0.886275 1 0.890196 0.890196 0.890196 1 0.141176 1 0.137255 0.137255 0.137255 1 0.137255 0.137255 0.137255 1 0.894118 1 0.894118 0.894118 0.894118 1 0.894118 0.894118 0.894118 1 0.898039 1 0.898039 0.898039 0.898039 1 0.894118 0.894118 0.894118 1 
0.890196 0.890196 0.890196 1 0.890196 0.890196 0.890196 1 0.890196 0.890196 0.894118 0.894118 0.894118 1 0.890196 0.890196 0.890196 1 0.890196 0.890196 0.886275 0.886275 0.886275 1 0.882353 0.882353 0.882353 1 0.890196 0.890196 0.14902 0.14902 0.14902 1 0.141176 0.141176 0.141176 1 0.176471 0.176471 0.890196 0.890196 0.890196 1 0.890196 0.890196 0.890196 1 0.890196 0.890196 0.894118 0.894118 0.894118 1 0.894118 0.894118 0.894118 1 0.890196 0.890196 0.890196 0.890196 0.890196 1 0.882353 0.882353 0.882353 1 0.890196 0.890196 0.145098 0.145098 0.145098 1 0.141176 0.141176 0.141176 1 0.176471 0.176471 0.894118 0.894118 0.894118 1 0.890196 0.890196 0.890196 1 0.890196 0.890196 0.894118 0.894118 0.894118 1 0.894118 0.894118 0.894118 1 0.894118 0.894118 
0.890196 1 0.890196 0.890196 0.890196 1 0.894118 0.894118 0.894118 1 0.890196 1 0.890196 0.890196 0.890196 1 0.894118 0.894118 0.894118 1 0.890196 1 0.890196 0.890196 0.890196 1 0.890196 0.890196 0.890196 1 0.176471 1 0.176471 0.176471 0.176471 1 0.184314 0.184314 0.184314 1 0.890196 1 0.890196 0.890196 0.890196 1 0.898039 0.898039 0.898039 1 0.890196 1 0.886275 0.886275 0.886275 1 0.890196 0.890196 0.890196 1 0.890196 1 0.886275 0.886275 0.886275 1 0.886275 0.886275 0.886275 1 0.176471 1 0.176471 0.176471 0.176471 1 0.180392 0.180392 0.180392 1 0.890196 1 0.894118 0.894118 0.894118 1 0.890196 0.890196 0.890196 1 0.894118 1 0.886275 0.886275 0.886275 1 0.886275 0.886275 0.886275 1 
0.894118 0.894118 0.894118 1 0.894118 0.894118 0.894118 1 0.894118 0.894118 0.898039 0.898039 0.898039 1 0.894118 0.894118 0.894118 1 0.898039 0.898039 0.890196 0.890196 0.890196 1 0.886275 0.886275 0.886275 1 0.886275 0.886275 0.243137 0.243137 0.243137 1 0.65098 0.65098 0.65098 1 0.866667 0.866667 0.890196 0.890196 0.890196 1 0.894118 0.894118 0.894118 1 0.894118 0.894118 0.890196 0.890196 0.890196 1 0.890196 0.890196 0.890196 1 0.886275 0.886275 0.882353 0.882353 0.882353 1 0.886275 0.886275 0.886275 1 0.882353 0.882353 0.258824 0.258824 0.258824 1 0.698039 0.698039 0.698039 1 0.870588 0.870588 0.894118 0.894118 0.894118 1 0.898039 0.898039 0.898039 1 0.898039 0.898039 0.886275 0.886275 0.886275 1 0.886275 0.886275 0.886275 1 0.854902 0.854902 
0.894118 1 0.894118 0.894118 0.894118 1 0.898039 0.898039 0.898039 1 0.898039 1 0.886275 0.886275 0.886275 1 0.85098 0.85098 0.85098 1 0.886275 1 0.878431 0.878431 0.878431 1 0.8 0.8 0.8 1 0.866667 1 0.913725 0.913725 0.913725 1 0.917647 0.917647 0.917647 1 0.894118 1 0.898039 0.898039 0.898039 1 0.898039 0.898039 0.898039 1 0.886275 1 0.847059 0.847059 0.847059 1 0.792157 0.792157 0.792157 1 0.882353 1 0.819608 0.819608 0.819608 1 0.576471 0.576471 0.576471 1 0.870588 1 0.909804 0.909804 0.909804 1 0.913725 0.913725 0.913725 1 0.898039 1 0.898039 0.898039 0.898039 1 0.901961 0.901961 0.901961 1 0.854902 1 0.792157 0.792157 0.792157 1 0.709804 0.709804 0.709804 1 
0.898039 0.898039 0.898039 1 0.898039 0.898039 0.898039 1 0.909804 0.909804 0.796078 0.796078 0.796078 1 0.694118 0.694118 0.694118 1 0.505882 0.505882 0.541176 0.541176 0.541176 1 0.211765 0.211765 0.211765 1 0.176471 0.176471 0.909804 0.909804 0.909804 1 0.913725 0.913725 0.913725 1 0.913725 0.913725 0.898039 0.898039 0.898039 1 0.898039 0.898039 0.898039 1 0.909804 0.909804 0.701961 0.701961 0.701961 1 0.505882 0.505882 0.505882 1 0.309804 0.309804 0.223529 0.223529 0.223529 1 0.164706 0.164706 0.164706 1 0.164706 0.164706 0.913725 0.913725 0.913725 1 0.913725 0.913725 0.913725 1 0.913725 0.913725 0.901961 0.901961 0.901961 1 0.898039 0.898039 0.898039 1 0.909804 0.909804 0.537255 0.537255 0.537255 1 0.309804 0.309804 0.309804 1 0.25098 0.25098 
0.909804 1 0.913725 0.913725 0.913725 1 0.917647 0.917647 0.917647 1 0.505882 1 0.317647 0.317647 0.317647 1 0.282353 0.282353 0.282353 1 0.176471 1 0.172549 0.172549 0.172549 1 0.172549 0.172549 0.172549 1 0.913725 1 0.913725 0.913725 0.913725 1 0.917647 0.917647 0.917647 1 0.909804 1 0.913725 0.913725 0.913725 1 0.913725 0.913725 0.913725 1 0.309804 1 0.258824 0.258824 0.258824 1 0.254902 0.254902 0.254902 1 0.164706 1 0.160784 0.160784 0.160784 1 0.160784 0.160784 0.160784 1 0.913725 1 0.913725 0.913725 0.913725 1 0.917647 0.917647 0.917647 1 0.909804 1 0.909804 0.909804 0.909804 1 0.909804 0.909804 0.909804 1 0.25098 1 0.247059 0.247059 0.247059 1 0.235294 0.235294 0.235294 1 
0.917647 0.917647 0.917647 1 0.913725 0.913725 0.913725 1 0.913725 0.913725 0.278431 0.278431 0.278431 1 0.266667 0.266667 0.266667 1 0.258824 0.258824 0.172549 0.172549 0.172549 1 0.168627 0.168627 0.168627 1 0.164706 0.164706 0.917647 0.917647 0.917647 1 0.921569 0.921569 0.921569 1 0.921569 0.921569 0.913725 0.913725 0.913725 1 0.913725 0.913725 0.913725 1 0.913725 0.913725 0.254902 0.254902 0.254902 1 0.243137 0.243137 0.243137 1 0.239216 0.239216 0.160784 0.160784 0.160784 1 0.160784 0.160784 0.160784 1 0.156863 0.156863 0.917647 0.917647 0.917647 1 0.913725 0.913725 0.913725 1 0.913725 0.913725 0.913725 0.913725 0.913725 1 0.913725 0.913725 0.913725 1 0.913725 0.913725 0.231373 0.231373 0.231373 1 0.231373 0.231373 0.231373 1 0.223529 0.223529 
0.913725 1 0.913725 0.913725 0.913725 1 0.917647 0.917647 0.917647 1 0.258824 1 0.254902 0.254902 0.254902 1 0.25098 0.25098 0.25098 1 0.164706 1 0.156863 0.156863 0.156863 1 0.156863 0.156863 0.156863 1 0.921569 1 0.917647 0.917647 0.917647 1 0.917647 0.917647 0.917647 1 0.913725 1 0.917647 0.917647 0.917647 1 0.917647 0.917647 0.917647 1 0.239216 1 0.235294 0.235294 0.235294 1 0.227451 0.227451 0.227451 1 0.156863 1 0.14902 0.14902 0.14902 1 0.14902 0.14902 0.14902 1 0.913725 1 0.917647 0.917647 0.917647 1 0.913725 0.913725 0.913725 1 0.913725 1 0.913725 0.913725 0.913725 1 0.909804 0.909804 0.909804 1 0.223529 1 0.215686 0.215686 0.215686 1 0.215686 0.215686 0.215686 1 
0.878431 0.878431 0.878431 1 0.878431 0.878431 0.878431 1 0.882353 0.882353 0.145098 0.145098 0.145098 1 0.137255 0.137255 0.137255 1 0.137255 0.137255 0.898039 0.898039 0.898039 1 0.894118 0.894118 0.894118 1 0.894118 0.894118 0.905882 0.905882 0.905882 1 0.901961 0.901961 0.901961 1 0.898039 0.898039 0.870588 0.870588 0.870588 1 0.87451 0.87451 0.87451 1 0.878431 0.878431 0.145098 0.145098 0.145098 1 0.141176 0.141176 0.141176 1 0.141176 0.141176 0.894118 0.894118 0.894118 1 0.898039 0.898039 0.898039 1 0.894118 0.894118 0.905882 0.905882 0.905882 1 0.901961 0.901961 0.901961 1 0.901961 0.901961 0.87451 0.87451 0.87451 1 0.870588 0.870588 0.870588 1 0.878431 0.878431 0.145098 0.145098 0.145098 1 0.145098 0.145098 0.145098 1 0.145098 0.145098 
0.882353 1 0.882353 0.882353 0.882353 1 0.886275 0.886275 0.886275 1 0.137255 1 0.137255 0.137255 0.137255 1 0.137255 0.137255 0.137255 1 0.894118 1 0.898039 0.898039 0.898039 1 0.894118 0.894118 0.894118 1 0.898039 1 0.898039 0.898039 0.898039 1 0.898039 0.898039 0.898039 1 0.878431 1 0.882353 0.882353 0.882353 1 0.886275 0.886275 0.886275 1 0.141176 1 0.141176 0.141176 0.141176 1 0.141176 0.141176 0.141176 1 0.894118 1 0.894118 0.894118 0.894118 1 0.894118 0.894118 0.894118 1 0.901961 1 0.898039 0.898039 0.898039 1 0.898039 0.898039 0.898039 1 0.878431 1 0.882353 0.882353 0.882353 1 0.886275 0.886275 0.886275 1 0.145098 1 0.145098 0.145098 0.145098 1 0.14902 0.14902 0.14902 1 
0.886275 0.886275 0.886275 1 0.882353 0.882353 0.882353 1 0.886275 0.886275 0.137255 0.137255 0.137255 1 0.141176 0.141176 0.141176 1 0.180392 0.180392 0.894118 0.894118 0.894118 1 0.894118 0.894118 0.894118 1 0.894118 0.894118 0.894118 0.894118 0.894118 1 0.898039 0.898039 0.898039 1 0.894118 0.894118 0.886275 0.886275 0.886275 1 0.882353 0.882353 0.882353 1 0.886275 0.886275 0.141176 0.141176 0.141176 1 0.145098 0.145098 0.145098 1 0.180392 0.180392 0.890196 0.890196 0.890196 1 0.894118 0.894118 0.894118 1 0.894118 0.894118 0.894118 0.894118 0.894118 1 0.894118 0.894118 0.894118 1 0.894118 0.894118 0.886275 0.886275 0.886275 1 0.886275 0.886275 0.886275 1 0.886275 0.886275 0.14902 0.14902 0.14902 1 0.145098 0.145098 0.145098 1 0.176471 0.176471 
0.886275 1 0.886275 0.886275 0.886275 1 0.878431 0.878431 0.878431 1 0.180392 1 0.188235 0.188235 0.188235 1 0.184314 0.184314 0.184314 1 0.894118 1 0.894118 0.894118 0.894118 1 0.890196 0.890196 0.890196 1 0.894118 1 0.890196 0.890196 0.890196 1 0.886275 0.886275 0.886275 1 0.886275 1 0.886275 0.886275 0.886275 1 0.882353 0.882353 0.882353 1 0.180392 1 0.192157 0.192157 0.192157 1 0.192157 0.192157 0.192157 1 0.894118 1 0.894118 0.894118 0.894118 1 0.886275 0.886275 0.886275 1 0.894118 1 0.890196 0.890196 0.890196 1 0.882353 0.882353 0.882353 1 0.886275 1 0.886275 0.886275 0.886275 1 0.886275 0.886275 0.886275 1 0.176471 1 0.188235 0.188235 0.188235 1 0.192157 0.192157 0.192157 1 
0.878431 0.878431 0.878431 1 0.886275 0.886275 0.886275 1 0.831373 0.831373 0.278431 0.278431 0.278431 1 0.705882 0.705882 0.705882 1 0.87451 0.87451 0.894118 0.894118 0.894118 1 0.894118 0.894118 0.894118 1 0.898039 0.898039 0.882353 0.882353 0.882353 1 0.854902 0.854902 0.854902 1 0.807843 0.807843 0.878431 0.878431 0.878431 1 0.85098 0.85098 0.85098 1 0.682353 0.682353 0.282353 0.282353 0.282353 1 0.705882 0.705882 0.705882 1 0.878431 0.878431 0.898039 0.898039 0.898039 1 0.890196 0.890196 0.890196 1 0.894118 0.894118 0.858824 0.858824 0.858824 1 0.815686 0.815686 0.815686 1 0.737255 0.737255 0.854902 0.854902 0.854902 1 0.717647 0.717647 0.717647 1 0.356863 0.356863 0.290196 0.290196 0.290196 1 0.709804 0.709804 0.709804 1 0.87451 0.87451 
0.831373 1 0.627451 0.627451 0.627451 1 0.243137 0.243137 0.243137 1 0.87451 1 0.909804 0.909804 0.909804 1 0.913725 0.913725 0.913725 1 0.898039 1 0.894118 0.894118 0.894118 1 0.905882 0.905882 0.905882 1 0.807843 1 0.717647 0.717647 0.717647 1 0.556863 0.556863 0.556863 1 0.682353 1 0.294118 0.294118 0.294118 1 0.160784 0.160784 0.160784 1 0.878431 1 0.909804 0.909804 0.909804 1 0.913725 0.913725 0.913725 1 0.894118 1 0.898039 0.898039 0.898039 1 0.905882 0.905882 0.905882 1 0.737255 1 0.588235 0.588235 0.588235 1 0.352941 0.352941 0.352941 1 0.356863 1 0.164706 0.164706 0.164706 1 0.160784 0.160784 0.160784 1 0.87451 1 0.909804 0.909804 0.909804 1 0.909804 0.909804 0.909804 1 
0.160784 0.160784 0.160784 1 0.160784 0.160784 0.160784 1 0.156863 0.156863 0.913725 0.913725 0.913725 1 0.913725 0.913725 0.913725 1 0.909804 0.909804 0.905882 0.905882 0.905882 1 0.901961 0.901961 0.901961 1 0.905882 0.905882 0.337255 0.337255 0.337255 1 0.239216 0.239216 0.239216 1 0.239216 0.239216 0.160784 0.160784 0.160784 1 0.156863 0.156863 0.156863 1 0.152941 0.152941 0.913725 0.913725 0.913725 1 0.913725 0.913725 0.913725 1 0.913725 0.913725 0.901961 0.901961 0.901961 1 0.901961 0.901961 0.901961 1 0.913725 0.913725 0.25098 0.25098 0.25098 1 0.231373 0.231373 0.231373 1 0.235294 0.235294 0.152941 0.152941 0.152941 1 0.14902 0.14902 0.14902 1 0.141176 0.141176 0.913725 0.913725 0.913725 1 0.913725 0.913725 0.913725 1 0.909804 0.909804 
0.156863 1 0.152941 0.152941 0.152941 1 0.152941 0.152941 0.152941 1 0.909804 1 0.909804 0.909804 0.909804 1 0.913725 0.913725 0.913725 1 0.905882 1 0.905882 0.905882 0.905882 1 0.901961 0.901961 0.901961 1 0.239216 1 0.235294 0.235294 0.235294 1 0.227451 0.227451 0.227451 1 0.152941 1 0.152941 0.152941 0.152941 1 0.152941 0.152941 0.152941 1 0.913725 1 0.913725 0.913725 0.913725 1 0.913725 0.913725 0.913725 1 0.913725 1 0.909804 0.909804 0.909804 1 0.901961 0.901961 0.901961 1 0.235294 1 0.227451 0.227451 0.227451 1 0.219608 0.219608 0.219608 1 0.141176 1 0.141176 0.141176 0.141176 1 0.145098 0.145098 0.145098 1 0.909804 1 0.917647 0.917647 0.917647 1 0.913725 0.913725 0.913725 1 
0.152941 0.152941 0.152941 1 0.152941 0.152941 0.152941 1 0.14902 0.14902 0.913725 0.913725 0.913725 1 0.913725 0.913725 0.913725 1 0.913725 0.913725 0.901961 0.901961 0.901961 1 0.905882 0.905882 0.905882 1 0.909804 0.909804 0.223529 0.223529 0.223529 1 0.223529 0.223529 0.223529 1 0.215686 0.215686 0.14902 0.14902 0.14902 1 0.14902 0.14902 0.14902 1 0.14902 0.14902 0.921569 0.921569 0.921569 1 0.921569 0.921569 0.921569 1 0.921569 0.921569 0.898039 0.898039 0.898039 1 0.901961 0.901961 0.901961 1 0.905882 0.905882 0.215686 0.215686 0.215686 1 0.215686 0.215686 0.215686 1 0.207843 0.207843 0.145098 0.145098 0.145098 1 0.145098 0.145098 0.145098 1 0.145098 0.145098 0.917647 0.917647 0.917647 1 0.921569 0.921569 0.921569 1 0.921569 0.921569 
0.14902 1 0.145098 0.145098 0.145098 1 0.145098 0.145098 0.145098 1 0.913725 1 0.917647 0.917647 0.917647 1 0.913725 0.913725 0.913725 1 0.909804 1 0.909804 0.909804 0.909804 1 0.905882 0.905882 0.905882 1 0.215686 1 0.207843 0.207843 0.207843 1 0.207843 0.207843 0.207843 1 0.14902 1 0.141176 0.141176 0.141176 1 0.141176 0.141176 0.141176 1 0.921569 1 0.917647 0.917647 0.917647 1 0.917647 0.917647 0.917647 1 0.905882 1 0.909804 0.909804 0.909804 1 0.905882 0.905882 0.905882 1 0.207843 1 0.203922 0.203922 0.203922 1 0.203922 0.203922 0.203922 1 0.145098 1 0.145098 0.145098 0.145098 1 0.141176 0.141176 0.141176 1 0.921569 1 0.917647 0.917647 0.917647 1 0.917647 0.917647 0.917647 1 
0.898039 0.898039 0.898039 1 0.898039 0.898039 0.898039 1 0.894118 0.894118 0.905882 0.905882 0.905882 1 0.901961 0.901961 0.901961 1 0.901961 0.901961 0.878431 0.878431 0.878431 1 0.87451 0.87451 0.87451 1 0.878431 0.878431 0.145098 0.145098 0.145098 1 0.145098 0.145098 0.145098 1 0.145098 0.145098 0.898039 0.898039 0.898039 1 0.894118 0.894118 0.894118 1 0.894118 0.894118 0.898039 0.898039 0.898039 1 0.898039 0.898039 0.898039 1 0.898039 0.898039 0.886275 0.886275 0.886275 1 0.886275 0.886275 0.886275 1 0.886275 0.886275 0.145098 0.145098 0.145098 1 0.145098 0.145098 0.145098 1 0.145098 0.145098 0.905882 0.905882 0.905882 1 0.905882 0.905882 0.905882 1 0.905882 0.905882 0.901961 0.901961 0.901961 1 0.901961 0.901961 0.901961 1 0.901961 0.901961 
0.894118 1 0.894118 0.894118 0.894118 1 0.898039 0.898039 0.898039 1 0.901961 1 0.901961 0.901961 0.901961 1 0.901961 0.901961 0.901961 1 0.878431 1 0.882353 0.882353 0.882353 1 0.886275 0.886275 0.886275 1 0.145098 1 0.145098 0.145098 0.145098 1 0.145098 0.145098 0.145098 1 0.894118 1 0.898039 0.898039 0.898039 1 0.894118 0.894118 0.894118 1 0.898039 1 0.898039 0.898039 0.898039 1 0.898039 0.898039 0.898039 1 0.886275 1 0.886275 0.886275 0.886275 1 0.886275 0.886275 0.886275 1 0.145098 1 0.145098 0.145098 0.145098 1 0.145098 0.145098 0.145098 1 0.905882 1 0.905882 0.905882 0.905882 1 0.905882 0.905882 0.905882 1 0.901961 1 0.901961 0.901961 0.901961 1 0.901961 0.901961 0.901961 1 
0.894118 0.894118 0.894118 1 0.894118 0.894118 0.894118 1 0.894118 0.894118 0.890196 0.890196 0.890196 1 0.890196 0.890196 0.890196 1 0.890196 0.890196 0.886275 0.886275 0.886275 1 0.886275 0.886275 0.886275 1 0.890196 0.890196 0.145098 0.145098 0.145098 1 0.14902 0.14902 0.14902 1 0.164706 0.164706 0.898039 0.898039 0.898039 1 0.894118 0.894118 0.894118 1 0.894118 0.894118 0.890196 0.890196 0.890196 1 0.886275 0.886275 0.886275 1 0.882353 0.882353 0.890196 0.890196 0.890196 1 0.886275 0.886275 0.886275 1 0.878431 0.878431 0.14902 0.14902 0.14902 1 0.152941 0.152941 0.152941 1 0.152941 0.152941 0.901961 0.901961 0.901961 1 0.898039 0.898039 0.898039 1 0.898039 0.898039 0.898039 0.898039 0.898039 1 0.898039 0.898039 0.898039 1 0.878431 0.878431 
0.894118 1 0.894118 0.894118 0.894118 1 0.894118 0.894118 0.894118 1 0.890196 1 0.886275 0.886275 0.886275 1 0.862745 0.862745 0.862745 1 0.890196 1 0.878431 0.878431 0.878431 1 0.85098 0.85098 0.85098 1 0.164706 1 0.172549 0.172549 0.172549 1 0.176471 0.176471 0.176471 1 0.894118 1 0.898039 0.898039 0.898039 1 0.898039 0.898039 0.898039 1 0.882353 1 0.858824 0.858824 0.858824 1 0.815686 0.815686 0.815686 1 0.878431 1 0.823529 0.823529 0.823529 1 0.709804 0.709804 0.709804 1 0.152941 1 0.160784 0.160784 0.160784 1 0.160784 0.160784 0.160784 1 0.898039 1 0.898039 0.898039 0.898039 1 0.894118 0.894118 0.894118 1 0.878431 1 0.839216 0.839216 0.839216 1 0.752941 0.752941 0.752941 1 
0.894118 0.894118 0.894118 1 0.898039 0.898039 0.898039 1 0.898039 0.898039 0.819608 0.819608 0.819608 1 0.745098 0.745098 0.745098 1 0.607843 0.607843 0.729412 0.729412 0.729412 1 0.4 0.4 0.4 1 0.168627 0.168627 0.286275 0.286275 0.286275 1 0.713726 0.713726 0.713726 1 0.87451 0.87451 0.898039 0.898039 0.898039 1 0.898039 0.898039 0.898039 1 0.898039 0.898039 0.737255 0.737255 0.737255 1 0.611765 0.615686 0.615686 1 0.388235 0.388235 0.431373 0.431373 0.431373 1 0.172549 0.172549 0.172549 1 0.152941 0.152941 0.262745 0.262745 0.262745 1 0.698039 0.698039 0.698039 1 0.862745 0.862745 0.898039 0.898039 0.898039 1 0.901961 0.901961 0.901961 1 0.901961 0.901961 0.643137 0.643137 0.643137 1 0.423529 0.423529 0.423529 1 0.262745 0.262745 
0.898039 1 0.901961 0.901961 0.901961 1 0.901961 0.901961 0.901961 1 0.607843 1 0.376471 0.376471 0.376471 1 0.247059 0.247059 0.247059 1 0.168627 1 0.156863 0.156863 0.156863 1 0.156863 0.156863 0.156863 1 0.87451 1 0.905882 0.905882 0.905882 1 0.905882 0.905882 0.905882 1 0.898039 1 0.898039 0.898039 0.898039 1 0.894118 0.894118 0.894118 1 0.388235 1 0.239216 0.239216 0.239216 1 0.223529 0.223529 0.223529 1 0.152941 1 0.14902 0.14902 0.14902 1 0.145098 0.145098 0.145098 1 0.862745 1 0.901961 0.901961 0.901961 1 0.901961 0.901961 0.901961 1 0.901961 1 0.901961 0.901961 0.901961 1 0.901961 0.901961 0.901961 1 0.262745 1 0.231373 0.231373 0.231373 1 0.231373 0.231373 0.231373 1 
0.905882 0.905882 0.905882 1 0.905882 0.905882 0.905882 1 0.909804 0.909804 0.231373 0.231373 0.231373 1 0.219608 0.219608 0.219608 1 0.231373 0.231373 0.152941 0.152941 0.152941 1 0.14902 0.14902 0.14902 1 0.141176 0.141176 0.905882 0.905882 0.905882 1 0.905882 0.905882 0.905882 1 0.905882 0.905882 0.898039 0.898039 0.898039 1 0.898039 0.898039 0.898039 1 0.905882 0.905882 0.215686 0.215686 0.215686 1 0.211765 0.211765 0.211765 1 0.219608 0.219608 0.145098 0.145098 0.145098 1 0.141176 0.141176 0.141176 1 0.141176 0.141176 0.901961 0.901961 0.901961 1 0.901961 0.901961 0.901961 1 0.901961 0.901961 0.901961 0.901961 0.901961 1 0.901961 0.901961 0.901961 1 0.909804 0.909804 0.231373 0.231373 0.231373 1 0.227451 0.227451 0.227451 1 0.219608 0.219608 
0.909804 1 0.909804 0.909804 0.909804 1 0.905882 0.905882 0.905882 1 0.231373 1 0.227451 0.227451 0.227451 1 0.219608 0.219608 0.219608 1 0.141176 1 0.137255 0.137255 0.137255 1 0.137255 0.137255 0.137255 1 0.905882 1 0.905882 0.905882 0.905882 1 0.909804 0.909804 0.909804 1 0.905882 1 0.905882 0.905882 0.905882 1 0.905882 0.905882 0.905882 1 0.219608 1 0.215686 0.215686 0.215686 1 0.211765 0.211765 0.211765 1 0.141176 1 0.145098 0.145098 0.145098 1 0.137255 0.137255 0.137255 1 0.901961 1 0.898039 0.898039 0.898039 1 0.901961 0.901961 0.901961 1 0.909804 1 0.909804 0.909804 0.909804 1 0.901961 0.901961 0.901961 1 0.219608 1 0.215686 0.215686 0.215686 1 0.211765 0.211765 0.211765 1 
0.905882 0.905882 0.905882 1 0.905882 0.905882 0.905882 1 0.909804 0.909804 0.215686 0.215686 0.215686 1 0.211765 0.211765 0.211765 1 0.211765 0.211765 0.137255 0.137255 0.137255 1 0.145098 0.145098 0.145098 1 0.145098 0.145098 0.913725 0.913725 0.913725 1 0.913725 0.913725 0.913725 1 0.917647 0.917647 0.905882 0.905882 0.905882 1 0.905882 0.905882 0.905882 1 0.905882 0.905882 0.203922 0.203922 0.203922 1 0.196078 0.196078 0.196078 1 0.203922 0.203922 0.133333 0.133333 0.133333 1 0.141176 0.141176 0.141176 1 0.141176 0.141176 0.905882 0.905882 0.905882 1 0.905882 0.905882 0.905882 1 0.909804 0.909804 0.901961 0.901961 0.901961 1 0.905882 0.905882 0.905882 1 0.905882 0.905882 0.207843 0.207843 0.207843 1 0.2 0.2 0.2 1 0.207843 0.207843 
0.909804 1 0.909804 0.909804 0.909804 1 0.909804 0.909804 0.909804 1 0.211765 1 0.215686 0.215686 0.215686 1 0.219608 0.219608 0.219608 1 0.145098 1 0.14902 0.14902 0.14902 1 0.145098 0.145098 0.145098 1 0.917647 1 0.913725 0.913725 0.913725 1 0.913725 0.913725 0.913725 1 0.905882 1 0.905882 0.905882 0.905882 1 0.901961 0.901961 0.901961 1 0.203922 1 0.2 0.2 0.2 1 0.207843 0.207843 0.207843 1 0.141176 1 0.141176 0.141176 0.141176 1 0.141176 0.141176 0.141176 1 0.909804 1 0.905882 0.905882 0.905882 1 0.905882 0.905882 0.905882 1 0.905882 1 0.905882 0.905882 0.905882 1 0.905882 0.905882 0.905882 1 0.207843 1 0.215686 0.215686 0.215686 1 0.211765 0.211765 0.211765 1 
